periodo,planta_id,linea_id,causa_parada,n_eventos,horas_parada,impacto_produccion_proxy,impacto_energia_proxy,emisiones_asociadas_kg,loss_root_cause_score,ranking_causa
2024-04-01 00:00:00,PLT_ALA,PLT_ALA_L03,BloqueoManipulador,1,9.5,73.041,1343.342,426262.12196000066,629.5231,1
2024-04-01 00:00:00,PLT_ALA,PLT_ALA_L02,CaidaGasIndustrial,2,9.828,83.223,1231.42,428432.1888899992,607.5975,2
2024-04-01 00:00:00,PLT_ALA,PLT_ALA_L04,AnomaliaInstrumentacion,1,3.754,33.087,1655.347,447504.0063400007,588.2276,3
2024-04-01 00:00:00,PLT_ALA,PLT_ALA_L03,DefectoSuperficial,2,13.136,113.34,609.037,426262.12196000066,502.10110000000003,4
2024-04-01 00:00:00,PLT_ALA,PLT_ALA_L04,MantenimientoPreventivoProgramado,1,6.907,72.853,1026.512,447504.0063400007,482.52009999999996,5
2024-04-01 00:00:00,PLT_ALA,PLT_ALA_L04,CambioFormatoPlanificado,1,8.537,94.957,860.766,447504.0063400007,476.4483,6
2024-04-01 00:00:00,PLT_ALA,PLT_ALA_L01,CambioFormatoPlanificado,1,2.194,17.737,1149.398,502195.52016000013,397.56789999999995,7
2024-04-01 00:00:00,PLT_ALA,PLT_ALA_L02,InspeccionSeguridadReglamentaria,1,3.239,21.078,946.145,428432.1888899992,359.1625,8
2024-04-01 00:00:00,PLT_ALA,PLT_ALA_L02,CurvaTermicaFueraBanda,1,4.177,32.993,393.153,428432.1888899992,217.98239999999998,9
2024-04-01 00:00:00,PLT_ALA,PLT_ALA_L01,DesalineacionRodillos,1,2.713,25.123,495.881,502195.52016000013,215.5858,10
2024-04-01 00:00:00,PLT_ALA,PLT_ALA_L03,VariacionEspesor,1,2.553,21.273,316.342,426262.12196000066,156.5991,11
2024-04-01 00:00:00,PLT_ALA,PLT_ALA_L03,MantenimientoPreventivoProgramado,1,3.601,33.862,167.378,426262.12196000066,139.1644,12
2024-04-01 00:00:00,PLT_ALA,PLT_ALA_L03,InspeccionSeguridadReglamentaria,1,3.969,29.198,132.498,426262.12196000066,133.72840000000002,13
2024-04-01 00:00:00,PLT_ALA,PLT_ALA_L01,InspeccionSeguridadReglamentaria,1,1.876,16.576,184.519,502195.52016000013,101.16369999999999,14
2024-04-01 00:00:00,PLT_ALA,PLT_ALA_L02,FalloQuemador,1,1.772,11.505,170.924,428432.1888899992,92.4697,15
2024-04-01 00:00:00,PLT_ALA,PLT_ALA_L02,TermoparDescalibrado,1,1.645,11.255,148.629,428432.1888899992,83.11619999999999,16
2024-04-01 00:00:00,PLT_ALA,PLT_ALA_L03,ParadaPlanificadaUtilidades,1,1.2,9.341,116.167,426262.12196000066,63.520599999999995,17
2024-04-01 00:00:00,PLT_ALA,PLT_ALA_L01,FalloHidraulico,1,0.35,3.263,147.663,502195.52016000013,52.930400000000006,18
2024-04-01 00:00:00,PLT_ALA,PLT_ALA_L04,ErrorInspeccion,1,0.904,10.001,99.163,447504.0063400007,52.82940000000001,19
2024-05-01 00:00:00,PLT_ALA,PLT_ALA_L04,ErrorInspeccion,1,3.015,29.962,1905.503,468361.18316999933,646.9319,1
2024-05-01 00:00:00,PLT_ALA,PLT_ALA_L03,FalloVision,2,4.6,44.673,856.711,448415.0913999994,371.3498,2
2024-05-01 00:00:00,PLT_ALA,PLT_ALA_L01,ParadaPlanificadaUtilidades,1,2.61,29.384,856.456,522998.73184000014,323.8288,3
2024-05-01 00:00:00,PLT_ALA,PLT_ALA_L02,InspeccionSeguridadReglamentaria,1,4.616,36.083,508.071,446484.65404999955,262.7828,4
2024-05-01 00:00:00,PLT_ALA,PLT_ALA_L02,CambioFormatoPlanificado,1,4.379,37.941,269.465,446484.65404999955,187.39,5
2024-05-01 00:00:00,PLT_ALA,PLT_ALA_L01,DesalineacionRodillos,1,1.446,13.843,345.565,522998.73184000014,139.511,6
2024-05-01 00:00:00,PLT_ALA,PLT_ALA_L02,CaidaGasIndustrial,1,2.221,18.247,84.976,446484.65404999955,79.0363,7
2024-05-01 00:00:00,PLT_ALA,PLT_ALA_L03,BloqueoManipulador,1,0.35,2.945,70.597,448415.0913999994,29.6516,8
2024-05-01 00:00:00,PLT_ALA,PLT_ALA_L01,FalloHidraulico,1,0.35,2.685,46.49,522998.73184000014,22.2895,9
2025-05-01 00:00:00,PLT_BIZ,PLT_BIZ_L02,CambioFormatoPlanificado,1,8.642,48.348,3858.934,437531.70337,1354.6942,1
2025-05-01 00:00:00,PLT_BIZ,PLT_BIZ_L04,InspeccionSeguridadReglamentaria,1,3.57,32.095,1629.54,501124.6674099984,576.3095,2
2025-05-01 00:00:00,PLT_BIZ,PLT_BIZ_L03,DefectoSuperficial,1,8.495,76.495,1104.346,461858.6719099994,539.4513,3
2025-05-01 00:00:00,PLT_BIZ,PLT_BIZ_L02,InspeccionSeguridadReglamentaria,1,5.205,28.087,773.859,437531.70337,350.3012,4
2025-05-01 00:00:00,PLT_BIZ,PLT_BIZ_L02,CurvaTermicaFueraBanda,1,5.778,31.12,607.789,437531.70337,313.45669999999996,5
2025-05-01 00:00:00,PLT_BIZ,PLT_BIZ_L04,NoConformidadLote,1,1.475,18.024,903.98,501124.6674099984,309.706,6
2025-05-01 00:00:00,PLT_BIZ,PLT_BIZ_L02,CaidaGasIndustrial,2,4.035,20.695,410.736,437531.70337,214.2683,7
2025-05-01 00:00:00,PLT_BIZ,PLT_BIZ_L03,VariacionEspesor,2,0.953,7.676,439.967,461858.6719099994,154.88809999999998,8
2025-05-01 00:00:00,PLT_BIZ,PLT_BIZ_L01,CambioFormatoPlanificado,1,1.643,13.542,320.394,496118.6832699998,135.7492,9
2025-05-01 00:00:00,PLT_BIZ,PLT_BIZ_L01,InestabilidadTorque,1,1.854,16.028,157.58,496118.6832699998,92.368,10
2025-05-01 00:00:00,PLT_BIZ,PLT_BIZ_L03,FalloVision,2,1.285,8.783999999999999,205.362,461858.6719099994,91.7006,11
2025-05-01 00:00:00,PLT_BIZ,PLT_BIZ_L01,DesalineacionRodillos,1,1.657,13.854,161.09,496118.6832699998,88.394,12
2025-05-01 00:00:00,PLT_BIZ,PLT_BIZ_L01,MantenimientoPreventivoProgramado,1,1.2,8.817,103.088,496118.6832699998,59.3349,13
2025-05-01 00:00:00,PLT_BIZ,PLT_BIZ_L04,FalloTransportador,1,0.871,9.461,87.613,501124.6674099984,48.4344,14
2025-05-01 00:00:00,PLT_BIZ,PLT_BIZ_L01,AtascoMaterial,1,0.739,7.359,43.664,496118.6832699998,31.5587,15
2025-05-01 00:00:00,PLT_BIZ,PLT_BIZ_L04,AnomaliaInstrumentacion,1,0.35,4.108,36.619,501124.6674099984,20.0397,16
2025-11-01 00:00:00,PLT_ALA,PLT_ALA_L01,MantenimientoPreventivoProgramado,1,3.023,28.228,1891.198,481779.40847999963,641.9334000000001,1
2025-11-01 00:00:00,PLT_ALA,PLT_ALA_L04,ParadaPlanificadaUtilidades,1,9.043,94.284,1223.188,431714.42191000015,594.9584,2
2025-11-01 00:00:00,PLT_ALA,PLT_ALA_L04,FalloTransportador,2,5.002,49.504999999999995,964.294,431714.42191000015,414.0807,3
2025-11-01 00:00:00,PLT_ALA,PLT_ALA_L01,FalloHidraulico,2,3.324,28.132,664.817,481779.40847999963,279.9911,4
2025-11-01 00:00:00,PLT_ALA,PLT_ALA_L03,VariacionEspesor,1,4.843,33.691,386.001,412359.01848000067,229.50580000000002,5
2025-11-01 00:00:00,PLT_ALA,PLT_ALA_L03,CambioFormatoPlanificado,1,5.288,39.667,301.077,412359.01848000067,215.91660000000002,6
2025-11-01 00:00:00,PLT_ALA,PLT_ALA_L01,InestabilidadTorque,2,1.775,14.632,401.44,481779.40847999963,163.248,7
2025-11-01 00:00:00,PLT_ALA,PLT_ALA_L01,AtascoMaterial,1,2.311,23.845,320.079,481779.40847999963,154.1662,8
2025-11-01 00:00:00,PLT_ALA,PLT_ALA_L03,BloqueoManipulador,1,0.828,7.396,342.739,412359.01848000067,123.07969999999999,9
2025-11-01 00:00:00,PLT_ALA,PLT_ALA_L03,DefectoSuperficial,1,1.327,10.544,205.112,412359.01848000067,93.3456,10
2025-11-01 00:00:00,PLT_ALA,PLT_ALA_L04,NoConformidadLote,1,1.598,17.151,156.791,431714.42191000015,87.5728,11
2025-11-01 00:00:00,PLT_ALA,PLT_ALA_L04,AnomaliaInstrumentacion,1,1.22,10.123,170.884,431714.42191000015,80.7267,12
2025-11-01 00:00:00,PLT_ALA,PLT_ALA_L02,TermoparDescalibrado,1,1.32,10.998,139.622,413605.1750499994,73.7856,13
2025-11-01 00:00:00,PLT_ALA,PLT_ALA_L02,FalloQuemador,1,1.501,12.145,96.83,413605.1750499994,65.14150000000001,14
2025-11-01 00:00:00,PLT_ALA,PLT_ALA_L02,CaidaGasIndustrial,1,0.474,3.606,111.094,413605.1750499994,44.6112,15
2025-11-01 00:00:00,PLT_ALA,PLT_ALA_L03,FalloVision,1,0.665,5.753,48.433,412359.01848000067,30.7064,16
2024-07-01 00:00:00,PLT_CAN,PLT_CAN_L02,CaidaGasIndustrial,2,6.772,50.537,1863.0439999999999,426724.2365699994,719.6216999999999,1
2024-07-01 00:00:00,PLT_CAN,PLT_CAN_L03,InspeccionSeguridadReglamentaria,1,11.438,82.146,1180.726,396723.5945499999,624.0508,2
2024-07-01 00:00:00,PLT_CAN,PLT_CAN_L02,TermoparDescalibrado,2,9.509,63.751000000000005,1176.49,426724.2365699994,575.0025,3
2024-07-01 00:00:00,PLT_CAN,PLT_CAN_L04,MantenimientoPreventivoProgramado,1,2.461,19.785,1153.248,427838.3348400005,405.0869,4
2024-07-01 00:00:00,PLT_CAN,PLT_CAN_L02,InspeccionSeguridadReglamentaria,1,6.477,50.24,524.355,426724.2365699994,311.9665,5
2024-07-01 00:00:00,PLT_CAN,PLT_CAN_L01,DesalineacionRodillos,1,4.909,46.497,610.845,467467.3327700003,304.682,6
2024-07-01 00:00:00,PLT_CAN,PLT_CAN_L01,InestabilidadTorque,1,1.273,11.139,876.444,467467.3327700003,293.9627,7
2024-07-01 00:00:00,PLT_CAN,PLT_CAN_L01,MantenimientoPreventivoProgramado,1,4.164,43.071,459.179,467467.3327700003,242.5692,8
2024-07-01 00:00:00,PLT_CAN,PLT_CAN_L03,FalloVision,2,1.672,14.693999999999999,500.609,396723.5945499999,190.9697,9
2024-07-01 00:00:00,PLT_CAN,PLT_CAN_L03,CambioFormatoPlanificado,1,5.042,40.413,212.538,396723.5945499999,184.80790000000002,10
2024-07-01 00:00:00,PLT_CAN,PLT_CAN_L03,DefectoSuperficial,1,0.865,6.965,437.638,396723.5945499999,152.07389999999998,11
2024-07-01 00:00:00,PLT_CAN,PLT_CAN_L02,FalloQuemador,1,0.448,3.905,178.408,426724.2365699994,64.4349,12
2024-07-01 00:00:00,PLT_CAN,PLT_CAN_L02,CurvaTermicaFueraBanda,1,1.122,9.346,107.628,426724.2365699994,59.4014,13
2024-07-01 00:00:00,PLT_CAN,PLT_CAN_L03,VariacionEspesor,2,0.821,5.818,37.007000000000005,396723.5945499999,30.431100000000004,14
2025-02-01 00:00:00,PLT_CAN,PLT_CAN_L03,BloqueoManipulador,2,13.068999999999999,95.853,1944.3770000000002,431716.70779999986,892.6196000000001,1
2025-02-01 00:00:00,PLT_CAN,PLT_CAN_L01,FalloHidraulico,3,8.289,81.61600000000001,965.3720000000001,493132.2715999998,496.19960000000003,2
2025-02-01 00:00:00,PLT_CAN,PLT_CAN_L04,ErrorInspeccion,1,5.182,53.248,803.91,465825.6272399997,371.437,3
2025-02-01 00:00:00,PLT_CAN,PLT_CAN_L01,CambioFormatoPlanificado,1,7.347,64.746,602.026,493132.2715999998,359.9208,4
2025-02-01 00:00:00,PLT_CAN,PLT_CAN_L04,InspeccionSeguridadReglamentaria,1,2.362,16.766,895.833,465825.6272399997,324.37289999999996,5
2025-02-01 00:00:00,PLT_CAN,PLT_CAN_L01,InspeccionSeguridadReglamentaria,1,6.096,57.772,470.258,493132.2715999998,291.8834,6
2025-02-01 00:00:00,PLT_CAN,PLT_CAN_L03,DefectoSuperficial,1,1.519,14.91,607.946,431716.70779999986,220.21880000000002,7
2025-02-01 00:00:00,PLT_CAN,PLT_CAN_L02,InspeccionSeguridadReglamentaria,2,4.037,32.845,357.259,462494.50297000003,204.34019999999998,8
2025-02-01 00:00:00,PLT_CAN,PLT_CAN_L01,DesalineacionRodillos,1,1.607,13.86,546.431,493132.2715999998,202.9993,9
2025-02-01 00:00:00,PLT_CAN,PLT_CAN_L02,ParadaPlanificadaUtilidades,1,1.2,7.909,410.002,462494.50297000003,150.9551,10
2025-02-01 00:00:00,PLT_CAN,PLT_CAN_L01,ParadaPlanificadaUtilidades,1,3.208,26.995,212.266,493132.2715999998,141.3373,11
2025-02-01 00:00:00,PLT_CAN,PLT_CAN_L01,InestabilidadTorque,1,2.914,31.793,122.682,493132.2715999998,110.9811,12
2025-02-01 00:00:00,PLT_CAN,PLT_CAN_L03,FalloVision,2,1.98,14.874,104.44500000000001,431716.70779999986,78.37049999999999,13
2025-02-01 00:00:00,PLT_CAN,PLT_CAN_L02,CaidaGasIndustrial,1,0.539,4.756,40.246,462494.50297000003,25.2318,14
2025-06-01 00:00:00,PLT_CAN,PLT_CAN_L03,MantenimientoPreventivoProgramado,3,14.767,128.655,4733.232,422645.7934099998,1779.6371,1
2025-06-01 00:00:00,PLT_CAN,PLT_CAN_L02,CurvaTermicaFueraBanda,2,12.891,89.934,4115.977,452597.7082499998,1537.5801000000001,2
2025-06-01 00:00:00,PLT_CAN,PLT_CAN_L04,ErrorInspeccion,2,12.425999999999998,98.33600000000001,3641.529,450194.2756199996,1390.1466999999998,3
2025-06-01 00:00:00,PLT_CAN,PLT_CAN_L01,CambioFormatoPlanificado,1,12.508,136.836,1333.056,492072.4793100009,718.4947999999999,4
2025-06-01 00:00:00,PLT_CAN,PLT_CAN_L01,MantenimientoPreventivoProgramado,3,11.705000000000002,118.898,1160.678,492072.4793100009,641.7524000000001,5
2025-06-01 00:00:00,PLT_CAN,PLT_CAN_L02,CaidaGasIndustrial,2,4.7829999999999995,35.702999999999996,1498.9099999999999,452597.7082499998,563.1845,6
2025-06-01 00:00:00,PLT_CAN,PLT_CAN_L04,NoConformidadLote,3,9.321,79.93400000000001,679.891,450194.2756199996,430.3543,7
2025-06-01 00:00:00,PLT_CAN,PLT_CAN_L03,VariacionEspesor,1,2.769,27.304,851.036,422645.7934099998,324.34279999999995,8
2025-06-01 00:00:00,PLT_CAN,PLT_CAN_L04,AnomaliaInstrumentacion,1,4.249,40.135,711.764,450194.2756199996,318.5767,9
2025-06-01 00:00:00,PLT_CAN,PLT_CAN_L02,TermoparDescalibrado,2,4.26,33.022000000000006,706.825,452597.7082499998,313.7585,10
2025-06-01 00:00:00,PLT_CAN,PLT_CAN_L04,FalloTransportador,1,3.572,32.587,481.809,450194.2756199996,232.2762,11
2025-06-01 00:00:00,PLT_CAN,PLT_CAN_L03,DefectoSuperficial,1,1.639,15.158,64.758,422645.7934099998,59.7864,12
2025-06-01 00:00:00,PLT_CAN,PLT_CAN_L01,DesalineacionRodillos,1,1.342,13.269,79.812,492072.4793100009,57.4181,13
2025-06-01 00:00:00,PLT_CAN,PLT_CAN_L01,AtascoMaterial,1,0.841,8.761,35.896,492072.4793100009,31.9693,14
2025-08-01 00:00:00,PLT_BIZ,PLT_BIZ_L03,CambioFormatoPlanificado,1,8.236,59.51,4164.121,408911.3041400002,1443.7113000000002,1
2025-08-01 00:00:00,PLT_BIZ,PLT_BIZ_L03,DefectoSuperficial,1,1.739,15.421,692.595,408911.3041400002,250.269,2
2025-08-01 00:00:00,PLT_BIZ,PLT_BIZ_L04,CambioFormatoPlanificado,1,5.988,58.938,332.502,445296.5776100004,248.97960000000003,3
2025-08-01 00:00:00,PLT_BIZ,PLT_BIZ_L04,NoConformidadLote,2,3.819,42.421,488.005,445296.5776100004,243.99200000000002,4
2025-08-01 00:00:00,PLT_BIZ,PLT_BIZ_L03,BloqueoManipulador,2,4.651,41.775,330.58,408911.3041400002,213.0815,5
2025-08-01 00:00:00,PLT_BIZ,PLT_BIZ_L04,FalloTransportador,2,3.093,36.05,417.552,445296.5776100004,205.15060000000003,6
2025-08-01 00:00:00,PLT_BIZ,PLT_BIZ_L04,ErrorInspeccion,1,0.593,7.242,266.301,445296.5776100004,95.37129999999999,7
2025-12-01 00:00:00,PLT_CAN,PLT_CAN_L02,CaidaGasIndustrial,5,11.539000000000001,82.85499999999999,2823.993,499884.4429300002,1119.4054,1
2025-12-01 00:00:00,PLT_CAN,PLT_CAN_L01,AtascoMaterial,3,5.69,58.632,2593.0,541952.6279400005,921.0160000000001,2
2025-12-01 00:00:00,PLT_CAN,PLT_CAN_L01,CambioFormatoPlanificado,1,12.885,130.571,1779.418,541952.6279400005,856.8109,3
2025-12-01 00:00:00,PLT_CAN,PLT_CAN_L01,ParadaPlanificadaUtilidades,2,7.737,74.125,481.14,541952.6279400005,336.1445,4
2025-12-01 00:00:00,PLT_CAN,PLT_CAN_L03,BloqueoManipulador,1,2.58,25.032,906.017,472150.27325000014,335.9211,5
2025-12-01 00:00:00,PLT_CAN,PLT_CAN_L03,FalloVision,3,6.476,59.32000000000001,499.544,472150.27325000014,309.04319999999996,6
2025-12-01 00:00:00,PLT_CAN,PLT_CAN_L04,ParadaPlanificadaUtilidades,2,4.9670000000000005,40.376999999999995,510.995,507492.9850500008,272.827,7
2025-12-01 00:00:00,PLT_CAN,PLT_CAN_L01,InestabilidadTorque,2,4.76,48.997,413.262,541952.6279400005,243.6771,8
2025-12-01 00:00:00,PLT_CAN,PLT_CAN_L04,ErrorInspeccion,1,3.99,40.427,223.377,507492.9850500008,167.0266,9
2025-12-01 00:00:00,PLT_CAN,PLT_CAN_L02,CurvaTermicaFueraBanda,2,3.115,21.724,167.815,499884.4429300002,123.50650000000002,10
2025-12-01 00:00:00,PLT_CAN,PLT_CAN_L03,DefectoSuperficial,1,0.933,6.601,212.005,472150.27325000014,85.562,11
2025-12-01 00:00:00,PLT_CAN,PLT_CAN_L03,VariacionEspesor,1,1.163,8.677,79.376,472150.27325000014,51.4113,12
2024-07-01 00:00:00,PLT_ALA,PLT_ALA_L01,InspeccionSeguridadReglamentaria,1,6.484,65.384,4349.552,474013.6332300001,1467.2376,1
2024-07-01 00:00:00,PLT_ALA,PLT_ALA_L04,NoConformidadLote,2,3.774,41.044,1646.56,427658.14273999963,589.97,2
2024-07-01 00:00:00,PLT_ALA,PLT_ALA_L03,InspeccionSeguridadReglamentaria,1,8.612,63.661,478.558,408135.2112900002,347.6379,3
2024-07-01 00:00:00,PLT_ALA,PLT_ALA_L01,InestabilidadTorque,1,2.096,21.177,910.267,474013.6332300001,325.58860000000004,4
2024-07-01 00:00:00,PLT_ALA,PLT_ALA_L01,AtascoMaterial,1,1.506,13.962,626.582,474013.6332300001,225.07559999999998,5
2024-07-01 00:00:00,PLT_ALA,PLT_ALA_L01,DesalineacionRodillos,1,3.856,31.79,404.694,474013.6332300001,214.4232,6
2024-07-01 00:00:00,PLT_ALA,PLT_ALA_L02,CurvaTermicaFueraBanda,1,2.116,17.497,384.201,407755.89375000034,166.3288,7
2024-07-01 00:00:00,PLT_ALA,PLT_ALA_L03,CambioFormatoPlanificado,1,3.508,33.987,261.368,408135.2112900002,165.5639,8
2024-07-01 00:00:00,PLT_ALA,PLT_ALA_L03,FalloVision,1,1.631,12.228,84.076,408135.2112900002,63.9568,9
2024-09-01 00:00:00,PLT_BIZ,PLT_BIZ_L02,TermoparDescalibrado,3,16.307,93.452,1488.864,388313.4246099991,819.5252,1
2024-09-01 00:00:00,PLT_BIZ,PLT_BIZ_L04,NoConformidadLote,1,4.07,35.531,1119.488,447070.46077000047,435.01189999999997,2
2024-09-01 00:00:00,PLT_BIZ,PLT_BIZ_L04,CambioFormatoPlanificado,1,2.01,24.849,1087.387,447070.46077000047,378.8406,3
2024-09-01 00:00:00,PLT_BIZ,PLT_BIZ_L04,FalloTransportador,3,4.593,51.431,648.918,447070.46077000047,312.2509,4
2024-09-01 00:00:00,PLT_BIZ,PLT_BIZ_L03,ParadaPlanificadaUtilidades,1,5.35,42.893,389.376,411819.7332499995,245.2593,5
2024-09-01 00:00:00,PLT_BIZ,PLT_BIZ_L02,MantenimientoPreventivoProgramado,1,2.604,14.358,411.613,388313.4246099991,182.7429,6
2024-09-01 00:00:00,PLT_BIZ,PLT_BIZ_L02,FalloQuemador,1,3.641,20.976,300.41,388313.4246099991,173.431,7
2024-09-01 00:00:00,PLT_BIZ,PLT_BIZ_L02,CurvaTermicaFueraBanda,1,2.156,11.379,414.181,388313.4246099991,173.0638,8
2024-09-01 00:00:00,PLT_BIZ,PLT_BIZ_L03,InspeccionSeguridadReglamentaria,1,2.724,22.377,278.761,411819.7332499995,149.29680000000002,9
2024-09-01 00:00:00,PLT_BIZ,PLT_BIZ_L03,CambioFormatoPlanificado,1,2.523,23.625,122.379,411819.7332499995,98.98620000000001,10
2024-09-01 00:00:00,PLT_BIZ,PLT_BIZ_L03,BloqueoManipulador,1,2.208,17.226,107.575,411819.7332499995,85.0455,11
2024-09-01 00:00:00,PLT_BIZ,PLT_BIZ_L01,DesalineacionRodillos,1,1.469,14.353,56.596,445549.5424699999,53.5353,12
2025-01-01 00:00:00,PLT_BIZ,PLT_BIZ_L02,FalloQuemador,2,12.491,79.55199999999999,2092.267,468454.4647099999,917.2760999999999,1
2025-01-01 00:00:00,PLT_BIZ,PLT_BIZ_L04,FalloTransportador,3,7.808999999999999,83.751,662.012,533695.8252800005,396.65909999999997,2
2025-01-01 00:00:00,PLT_BIZ,PLT_BIZ_L02,CambioFormatoPlanificado,1,5.379,29.132,540.265,468454.4647099999,284.2255,3
2025-01-01 00:00:00,PLT_BIZ,PLT_BIZ_L01,MantenimientoPreventivoProgramado,1,5.107,35.958,345.9,529701.0610000003,223.889,4
2025-01-01 00:00:00,PLT_BIZ,PLT_BIZ_L02,TermoparDescalibrado,1,1.417,8.847,369.254,468454.4647099999,143.5397,5
2025-01-01 00:00:00,PLT_BIZ,PLT_BIZ_L04,ErrorInspeccion,1,2.04,24.933,227.847,533695.8252800005,121.6206,6
2025-01-01 00:00:00,PLT_BIZ,PLT_BIZ_L03,CambioFormatoPlanificado,1,1.706,13.033,248.207,498266.28063000075,115.09859999999998,7
2025-01-01 00:00:00,PLT_BIZ,PLT_BIZ_L02,MantenimientoPreventivoProgramado,1,1.2,7.554,288.328,468454.4647099999,114.27539999999999,8
2025-01-01 00:00:00,PLT_BIZ,PLT_BIZ_L04,AnomaliaInstrumentacion,1,0.683,7.922,60.882,533695.8252800005,35.8856,9
2025-01-01 00:00:00,PLT_BIZ,PLT_BIZ_L02,CurvaTermicaFueraBanda,1,0.35,1.72,58.488,468454.4647099999,25.406399999999998,10
2025-01-01 00:00:00,PLT_BIZ,PLT_BIZ_L01,DesalineacionRodillos,1,0.35,3.17,28.559,529701.0610000003,17.1527,11
2025-02-01 00:00:00,PLT_ALA,PLT_ALA_L01,InestabilidadTorque,3,11.432,114.474,1354.365,511629.05812999996,692.1865,1
2025-02-01 00:00:00,PLT_ALA,PLT_ALA_L04,FalloTransportador,1,1.786,20.02,1109.475,462911.88085999974,378.5725,2
2025-02-01 00:00:00,PLT_ALA,PLT_ALA_L03,DefectoSuperficial,1,1.87,16.999,772.966,442684.32993999927,277.7893,3
2025-02-01 00:00:00,PLT_ALA,PLT_ALA_L02,TermoparDescalibrado,2,4.067,30.058,555.968,441335.3197800001,263.1594,4
2025-02-01 00:00:00,PLT_ALA,PLT_ALA_L02,CambioFormatoPlanificado,1,5.002,40.941,272.722,441335.3197800001,202.32709999999997,5
2025-02-01 00:00:00,PLT_ALA,PLT_ALA_L01,FalloHidraulico,2,1.46,12.665,411.51099999999997,511629.05812999996,158.98579999999998,6
2025-02-01 00:00:00,PLT_ALA,PLT_ALA_L02,FalloQuemador,1,1.337,8.55,369.045,441335.3197800001,141.7285,7
2025-02-01 00:00:00,PLT_ALA,PLT_ALA_L03,FalloVision,1,1.243,8.849,202.485,442684.32993999927,90.03,8
2025-02-01 00:00:00,PLT_ALA,PLT_ALA_L02,CaidaGasIndustrial,1,1.534,11.992,164.987,441335.3197800001,86.1721,9
2025-02-01 00:00:00,PLT_ALA,PLT_ALA_L01,AtascoMaterial,1,1.314,11.856,122.435,511629.05812999996,68.9385,10
2025-06-01 00:00:00,PLT_ALA,PLT_ALA_L01,InestabilidadTorque,1,6.581,65.405,3495.543,499402.05167000013,1212.9854000000003,1
2025-06-01 00:00:00,PLT_ALA,PLT_ALA_L01,FalloHidraulico,3,7.554,70.013,1708.4,499402.05167000013,698.6065,2
2025-06-01 00:00:00,PLT_ALA,PLT_ALA_L03,DefectoSuperficial,2,3.9959999999999996,33.844,1734.1149999999998,431086.1081600006,617.0764999999999,3
2025-06-01 00:00:00,PLT_ALA,PLT_ALA_L02,TermoparDescalibrado,1,2.788,17.669,1371.229,428115.5459899992,475.9632,4
2025-06-01 00:00:00,PLT_ALA,PLT_ALA_L04,InspeccionSeguridadReglamentaria,1,2.754,24.999,1351.647,452136.460550001,473.07359999999994,5
2025-06-01 00:00:00,PLT_ALA,PLT_ALA_L02,FalloQuemador,2,4.888,36.728,1123.34,428115.5459899992,453.1259999999999,6
2025-06-01 00:00:00,PLT_ALA,PLT_ALA_L01,MantenimientoPreventivoProgramado,1,5.146,48.004,983.936,499402.05167000013,422.1028,7
2025-06-01 00:00:00,PLT_ALA,PLT_ALA_L02,CurvaTermicaFueraBanda,2,7.3100000000000005,50.199,718.7059999999999,428115.5459899992,386.9113,8
2025-06-01 00:00:00,PLT_ALA,PLT_ALA_L03,ParadaPlanificadaUtilidades,1,4.461,43.848,355.842,431086.1081600006,217.89659999999998,9
2025-06-01 00:00:00,PLT_ALA,PLT_ALA_L02,CambioFormatoPlanificado,1,4.153,32.405,213.014,428115.5459899992,163.1667,10
2025-06-01 00:00:00,PLT_ALA,PLT_ALA_L04,CambioFormatoPlanificado,1,2.579,26.299,270.281,452136.460550001,145.81380000000001,11
2025-06-01 00:00:00,PLT_ALA,PLT_ALA_L04,NoConformidadLote,2,2.233,18.892,222.852,452136.460550001,120.9616,12
2025-06-01 00:00:00,PLT_ALA,PLT_ALA_L01,AtascoMaterial,1,0.992,7.837,182.753,499402.05167000013,78.5844,13
2025-06-01 00:00:00,PLT_ALA,PLT_ALA_L03,VariacionEspesor,1,1.994,16.843,76.286,431086.1081600006,71.1873,14
2025-06-01 00:00:00,PLT_ALA,PLT_ALA_L01,DesalineacionRodillos,1,0.35,2.808,61.375,499402.05167000013,26.816499999999998,15
2025-06-01 00:00:00,PLT_ALA,PLT_ALA_L04,ErrorInspeccion,1,0.438,3.913,42.519,452136.460550001,23.4722,16
2025-12-01 00:00:00,PLT_ALA,PLT_ALA_L01,MantenimientoPreventivoProgramado,1,11.617,94.514,4287.204,549545.0572199997,1565.7581999999998,1
2025-12-01 00:00:00,PLT_ALA,PLT_ALA_L02,FalloQuemador,1,5.584,42.981,2801.63,476294.03001000016,973.6595,2
2025-12-01 00:00:00,PLT_ALA,PLT_ALA_L03,ParadaPlanificadaUtilidades,2,11.076,86.571,2082.8779999999997,471063.2737400014,889.6688999999999,3
2025-12-01 00:00:00,PLT_ALA,PLT_ALA_L01,InspeccionSeguridadReglamentaria,1,3.362,35.187,2487.376,549545.0572199997,831.0463,4
2025-12-01 00:00:00,PLT_ALA,PLT_ALA_L01,DesalineacionRodillos,2,5.228,54.876999999999995,1257.93,549545.0572199997,509.3775,5
2025-12-01 00:00:00,PLT_ALA,PLT_ALA_L02,TermoparDescalibrado,1,1.922,13.517,1131.553,476294.03001000016,384.66440000000006,6
2025-12-01 00:00:00,PLT_ALA,PLT_ALA_L03,MantenimientoPreventivoProgramado,1,5.466,52.197,438.717,471063.2737400014,267.0336,7
2025-12-01 00:00:00,PLT_ALA,PLT_ALA_L01,FalloHidraulico,2,3.181,29.991,465.845,549545.0572199997,218.369,8
2025-12-01 00:00:00,PLT_ALA,PLT_ALA_L03,FalloVision,1,2.188,18.947,472.393,471063.2737400014,194.95139999999998,9
2025-12-01 00:00:00,PLT_ALA,PLT_ALA_L03,VariacionEspesor,1,4.258,30.496,270.08,471063.2737400014,181.432,10
2025-12-01 00:00:00,PLT_ALA,PLT_ALA_L02,CurvaTermicaFueraBanda,1,1.411,11.506,420.621,476294.03001000016,160.1593,11
2025-12-01 00:00:00,PLT_ALA,PLT_ALA_L04,AnomaliaInstrumentacion,1,2.034,19.96,176.91,501679.89661999955,103.733,12
2025-12-01 00:00:00,PLT_ALA,PLT_ALA_L03,DefectoSuperficial,1,1.6,12.762,76.095,471063.2737400014,61.209500000000006,13
2025-12-01 00:00:00,PLT_ALA,PLT_ALA_L04,ErrorInspeccion,1,0.35,3.114,41.694,501679.89661999955,21.0652,14
2024-01-01 00:00:00,PLT_ALA,PLT_ALA_L04,CambioFormatoPlanificado,1,5.067,57.301,2476.84,498942.3814800003,873.0425,1
2024-01-01 00:00:00,PLT_ALA,PLT_ALA_L01,ParadaPlanificadaUtilidades,1,3.11,34.202,2062.356,556981.9483500008,698.0078000000001,2
2024-01-01 00:00:00,PLT_ALA,PLT_ALA_L02,TermoparDescalibrado,3,4.505,33.958,1000.644,479737.75266000023,407.2722,3
2024-01-01 00:00:00,PLT_ALA,PLT_ALA_L03,CambioFormatoPlanificado,1,5.368,52.936,456.148,478340.3315400004,270.67240000000004,4
2024-01-01 00:00:00,PLT_ALA,PLT_ALA_L02,FalloQuemador,1,2.732,24.112,185.381,479737.75266000023,122.31030000000001,5
2024-01-01 00:00:00,PLT_ALA,PLT_ALA_L04,NoConformidadLote,1,1.632,14.965,170.263,498942.3814800003,91.2014,6
2024-01-01 00:00:00,PLT_ALA,PLT_ALA_L03,BloqueoManipulador,1,1.774,15.786,155.948,478340.3315400004,90.1574,7
2024-01-01 00:00:00,PLT_ALA,PLT_ALA_L04,AnomaliaInstrumentacion,1,1.444,13.635,171.266,498942.3814800003,87.0773,8
2024-01-01 00:00:00,PLT_ALA,PLT_ALA_L02,CurvaTermicaFueraBanda,1,1.24,9.149,121.069,479737.75266000023,65.6952,9
2024-01-01 00:00:00,PLT_ALA,PLT_ALA_L04,FalloTransportador,1,0.873,7.303,126.036,498942.3814800003,58.9223,10
2024-01-01 00:00:00,PLT_ALA,PLT_ALA_L02,CaidaGasIndustrial,1,1.078,9.064,102.916,479737.75266000023,56.9668,11
2024-01-01 00:00:00,PLT_ALA,PLT_ALA_L03,VariacionEspesor,1,1.243,12.578,52.273,478340.3315400004,46.8309,12
2024-02-01 00:00:00,PLT_ALA,PLT_ALA_L01,MantenimientoPreventivoProgramado,2,13.853,141.822,4484.897,517597.51013999974,1693.4401,1
2024-02-01 00:00:00,PLT_ALA,PLT_ALA_L01,FalloHidraulico,1,6.312,58.884,3038.425,517597.51013999974,1067.2095000000002,2
2024-02-01 00:00:00,PLT_ALA,PLT_ALA_L04,InspeccionSeguridadReglamentaria,1,3.201,29.714,2101.217,470132.5154100007,709.2420999999999,3
2024-02-01 00:00:00,PLT_ALA,PLT_ALA_L03,VariacionEspesor,4,6.8709999999999996,58.384,1631.7779999999998,452572.3984199996,656.1453999999999,4
2024-02-01 00:00:00,PLT_ALA,PLT_ALA_L01,InspeccionSeguridadReglamentaria,1,10.768,109.957,1214.756,517597.51013999974,634.7653,5
2024-02-01 00:00:00,PLT_ALA,PLT_ALA_L04,FalloTransportador,1,3.531,30.042,519.047,470132.5154100007,241.3551,6
2024-02-01 00:00:00,PLT_ALA,PLT_ALA_L04,MantenimientoPreventivoProgramado,1,4.75,49.992,374.033,470132.5154100007,232.2059,7
2024-02-01 00:00:00,PLT_ALA,PLT_ALA_L04,AnomaliaInstrumentacion,2,2.609,22.639000000000003,432.271,470132.5154100007,193.1808,8
2024-02-01 00:00:00,PLT_ALA,PLT_ALA_L02,InspeccionSeguridadReglamentaria,1,2.444,18.102,409.416,453401.3080100005,180.7558,9
2024-02-01 00:00:00,PLT_ALA,PLT_ALA_L02,TermoparDescalibrado,2,1.865,15.048,315.26,453401.3080100005,139.402,10
2024-02-01 00:00:00,PLT_ALA,PLT_ALA_L02,CurvaTermicaFueraBanda,1,2.198,16.344,249.915,453401.3080100005,127.10649999999998,11
2024-02-01 00:00:00,PLT_ALA,PLT_ALA_L01,CambioFormatoPlanificado,1,2.403,22.918,212.999,517597.51013999974,123.4187,12
2024-02-01 00:00:00,PLT_ALA,PLT_ALA_L02,MantenimientoPreventivoProgramado,1,2.873,25.517,175.271,453401.3080100005,122.7998,13
2024-02-01 00:00:00,PLT_ALA,PLT_ALA_L02,CambioFormatoPlanificado,1,1.344,10.514,207.195,453401.3080100005,94.2955,14
2024-02-01 00:00:00,PLT_ALA,PLT_ALA_L03,BloqueoManipulador,1,2.207,19.996,94.515,452572.3984199996,82.4925,15
2024-02-01 00:00:00,PLT_ALA,PLT_ALA_L02,CaidaGasIndustrial,1,0.539,4.172,152.761,453401.3080100005,58.6943,16
2024-02-01 00:00:00,PLT_ALA,PLT_ALA_L02,FalloQuemador,1,0.35,3.076,40.144,453401.3080100005,20.5812,17
2024-02-01 00:00:00,PLT_ALA,PLT_ALA_L04,NoConformidadLote,1,0.35,3.443,39.157,470132.5154100007,20.4686,18
2024-06-01 00:00:00,PLT_BIZ,PLT_BIZ_L03,BloqueoManipulador,1,8.538,78.038,3467.755,435966.1670700001,1250.1055,1
2024-06-01 00:00:00,PLT_BIZ,PLT_BIZ_L03,DefectoSuperficial,1,3.887,33.343,2388.128,435966.1670700001,810.8499,2
2024-06-01 00:00:00,PLT_BIZ,PLT_BIZ_L01,InestabilidadTorque,2,6.593,54.208,1333.561,471863.48686999944,559.0323,3
2024-06-01 00:00:00,PLT_BIZ,PLT_BIZ_L02,CambioFormatoPlanificado,2,5.663,38.589,1290.551,413067.0495800003,519.7198,4
2024-06-01 00:00:00,PLT_BIZ,PLT_BIZ_L02,TermoparDescalibrado,3,6.138999999999999,41.693,835.1809999999999,413067.0495800003,394.1808,5
2024-06-01 00:00:00,PLT_BIZ,PLT_BIZ_L02,ParadaPlanificadaUtilidades,2,3.393,18.467,845.943,413067.0495800003,330.8764,6
2024-06-01 00:00:00,PLT_BIZ,PLT_BIZ_L02,FalloQuemador,1,1.979,11.116,476.446,413067.0495800003,188.0718,7
2024-06-01 00:00:00,PLT_BIZ,PLT_BIZ_L02,CaidaGasIndustrial,1,1.003,4.934,312.176,413067.0495800003,116.1798,8
2024-06-01 00:00:00,PLT_BIZ,PLT_BIZ_L03,FalloVision,1,1.091,9.841,222.034,435966.1670700001,93.35069999999999,9
2024-06-01 00:00:00,PLT_BIZ,PLT_BIZ_L04,ErrorInspeccion,2,1.6280000000000001,20.176,147.275,476119.87997999956,86.8305,10
2024-06-01 00:00:00,PLT_BIZ,PLT_BIZ_L01,DesalineacionRodillos,1,1.039,8.274,173.337,471863.48686999944,76.9181,11
2024-06-01 00:00:00,PLT_BIZ,PLT_BIZ_L03,VariacionEspesor,1,1.27,8.577,94.707,435966.1670700001,58.1006,12
2024-06-01 00:00:00,PLT_BIZ,PLT_BIZ_L04,AnomaliaInstrumentacion,1,0.919,11.508,71.231,476119.87997999956,45.5033,13
2024-06-01 00:00:00,PLT_BIZ,PLT_BIZ_L02,CurvaTermicaFueraBanda,1,0.35,1.991,17.033,413067.0495800003,13.1054,14
2024-08-01 00:00:00,PLT_ALA,PLT_ALA_L02,ParadaPlanificadaUtilidades,1,4.914,32.934,2793.726,394648.3281899996,952.8648,1
2024-08-01 00:00:00,PLT_ALA,PLT_ALA_L04,NoConformidadLote,2,6.255,68.64699999999999,1244.611,412593.7403800004,532.8068000000001,2
2024-08-01 00:00:00,PLT_ALA,PLT_ALA_L03,BloqueoManipulador,1,4.118,39.078,1193.01,396597.93411999947,459.80199999999996,3
2024-08-01 00:00:00,PLT_ALA,PLT_ALA_L02,TermoparDescalibrado,1,4.651,32.096,1140.472,394648.3281899996,451.20959999999997,4
2024-08-01 00:00:00,PLT_ALA,PLT_ALA_L04,InspeccionSeguridadReglamentaria,2,5.196,46.727000000000004,699.873,412593.7403800004,337.2454,5
2024-08-01 00:00:00,PLT_ALA,PLT_ALA_L03,ParadaPlanificadaUtilidades,1,6.98,60.853,498.361,396597.93411999947,319.5348,6
2024-08-01 00:00:00,PLT_ALA,PLT_ALA_L03,CambioFormatoPlanificado,1,4.312,32.881,680.647,396597.93411999947,306.87460000000004,7
2024-08-01 00:00:00,PLT_ALA,PLT_ALA_L04,FalloTransportador,2,4.579,47.730999999999995,637.685,412593.7403800004,306.751,8
2024-08-01 00:00:00,PLT_ALA,PLT_ALA_L04,CambioFormatoPlanificado,1,5.351,47.331,495.554,412593.7403800004,279.3517,9
2024-08-01 00:00:00,PLT_ALA,PLT_ALA_L02,CurvaTermicaFueraBanda,1,4.614,32.179,489.803,394648.3281899996,255.3104,10
2024-08-01 00:00:00,PLT_ALA,PLT_ALA_L02,FalloQuemador,2,2.358,20.563,240.74,394648.3281899996,129.6635,11
2024-08-01 00:00:00,PLT_ALA,PLT_ALA_L03,FalloVision,1,1.845,18.307,257.521,396597.93411999947,123.3098,12
2024-08-01 00:00:00,PLT_ALA,PLT_ALA_L01,AtascoMaterial,1,2.36,25.063,196.746,465600.2336699998,118.7553,13
2024-08-01 00:00:00,PLT_ALA,PLT_ALA_L04,AnomaliaInstrumentacion,2,2.01,18.88,187.606,412593.7403800004,105.92179999999999,14
2024-08-01 00:00:00,PLT_ALA,PLT_ALA_L01,FalloHidraulico,1,1.44,14.73,151.848,465600.2336699998,81.71940000000001,15
2024-08-01 00:00:00,PLT_ALA,PLT_ALA_L01,InestabilidadTorque,1,1.18,12.852,142.007,465600.2336699998,72.6281,16
2024-11-01 00:00:00,PLT_BIZ,PLT_BIZ_L04,AnomaliaInstrumentacion,3,9.171,103.725,1666.5789999999997,452236.2895599997,735.2561999999998,1
2024-11-01 00:00:00,PLT_BIZ,PLT_BIZ_L03,InspeccionSeguridadReglamentaria,1,3.097,22.255,1933.862,421721.2556000007,653.2261000000001,2
2024-11-01 00:00:00,PLT_BIZ,PLT_BIZ_L03,VariacionEspesor,1,2.4,23.247,1301.788,421721.2556000007,450.1599,3
2024-11-01 00:00:00,PLT_BIZ,PLT_BIZ_L03,DefectoSuperficial,1,2.064,16.172,1298.907,421721.2556000007,439.0381,4
2024-11-01 00:00:00,PLT_BIZ,PLT_BIZ_L04,InspeccionSeguridadReglamentaria,1,5.907,62.353,649.471,452236.2895599997,344.1578,5
2024-11-01 00:00:00,PLT_BIZ,PLT_BIZ_L04,FalloTransportador,1,4.848,60.485,490.538,452236.2895599997,274.3639,6
2024-11-01 00:00:00,PLT_BIZ,PLT_BIZ_L02,InspeccionSeguridadReglamentaria,1,4.695,29.152,462.963,401335.53022000066,247.3649,7
2024-11-01 00:00:00,PLT_BIZ,PLT_BIZ_L04,CambioFormatoPlanificado,1,4.716,60.326,248.145,452236.2895599997,198.9265,8
2024-11-01 00:00:00,PLT_BIZ,PLT_BIZ_L01,ParadaPlanificadaUtilidades,1,4.493,32.536,276.256,453577.8196100002,189.0048,9
2024-11-01 00:00:00,PLT_BIZ,PLT_BIZ_L01,InestabilidadTorque,3,3.97,35.495999999999995,295.916,453577.8196100002,185.9228,10
2024-11-01 00:00:00,PLT_BIZ,PLT_BIZ_L02,MantenimientoPreventivoProgramado,1,2.335,14.275,255.872,401335.53022000066,130.59910000000002,11
2024-11-01 00:00:00,PLT_BIZ,PLT_BIZ_L04,ErrorInspeccion,1,0.715,7.459,333.241,452236.2895599997,118.00179999999999,12
2024-11-01 00:00:00,PLT_BIZ,PLT_BIZ_L03,FalloVision,1,0.35,3.329,32.293,421721.2556000007,18.3524,13
2024-12-01 00:00:00,PLT_BIZ,PLT_BIZ_L04,ErrorInspeccion,1,5.14,58.899,3401.305,523524.42007000063,1152.6409999999998,1
2024-12-01 00:00:00,PLT_BIZ,PLT_BIZ_L04,MantenimientoPreventivoProgramado,1,13.045,117.371,1582.704,523524.42007000063,794.3967,2
2024-12-01 00:00:00,PLT_BIZ,PLT_BIZ_L03,VariacionEspesor,2,6.008000000000001,48.153,1765.617,487106.95971,673.9215999999999,3
2024-12-01 00:00:00,PLT_BIZ,PLT_BIZ_L02,MantenimientoPreventivoProgramado,1,7.294,48.309,1141.389,463440.2758200005,512.4512,4
2024-12-01 00:00:00,PLT_BIZ,PLT_BIZ_L01,CambioFormatoPlanificado,1,3.153,27.653,1425.045,521647.56530000136,504.40000000000003,5
2024-12-01 00:00:00,PLT_BIZ,PLT_BIZ_L03,FalloVision,2,4.659999999999999,43.062999999999995,1051.262,487106.95971,430.11009999999993,6
2024-12-01 00:00:00,PLT_BIZ,PLT_BIZ_L02,CambioFormatoPlanificado,1,5.56,29.395,710.211,463440.2758200005,338.96079999999995,7
2024-12-01 00:00:00,PLT_BIZ,PLT_BIZ_L01,InestabilidadTorque,1,4.383,34.561,513.337,521647.56530000136,258.9416,8
2024-12-01 00:00:00,PLT_BIZ,PLT_BIZ_L01,ParadaPlanificadaUtilidades,1,2.637,25.442,316.905,521647.56530000136,160.53249999999997,9
2024-12-01 00:00:00,PLT_BIZ,PLT_BIZ_L01,DesalineacionRodillos,1,2.381,23.932,141.234,521647.56530000136,101.9562,10
2024-12-01 00:00:00,PLT_BIZ,PLT_BIZ_L03,BloqueoManipulador,2,1.5670000000000002,10.657,158.56300000000002,487106.95971,84.23740000000001,11
2024-12-01 00:00:00,PLT_BIZ,PLT_BIZ_L02,TermoparDescalibrado,1,0.636,3.206,33.03,463440.2758200005,24.232,12
2025-10-01 00:00:00,PLT_ALA,PLT_ALA_L04,InspeccionSeguridadReglamentaria,1,4.117,40.866,2514.937,438704.57700999914,857.2541,1
2025-10-01 00:00:00,PLT_ALA,PLT_ALA_L04,MantenimientoPreventivoProgramado,1,4.977,43.414,2339.446,438704.57700999914,823.0808,2
2025-10-01 00:00:00,PLT_ALA,PLT_ALA_L04,AnomaliaInstrumentacion,1,9.5,95.146,1279.774,438704.57700999914,621.5052,3
2025-10-01 00:00:00,PLT_ALA,PLT_ALA_L03,InspeccionSeguridadReglamentaria,1,4.104,37.598,1263.905,418937.31133999996,480.05049999999994,4
2025-10-01 00:00:00,PLT_ALA,PLT_ALA_L02,MantenimientoPreventivoProgramado,1,3.571,30.025,1214.672,418174.0243800005,450.8341,5
2025-10-01 00:00:00,PLT_ALA,PLT_ALA_L01,DesalineacionRodillos,2,5.088,54.489,835.413,492151.4862900002,379.6284,6
2025-10-01 00:00:00,PLT_ALA,PLT_ALA_L02,FalloQuemador,3,5.4239999999999995,41.241,635.068,418174.0243800005,319.6209,7
2025-10-01 00:00:00,PLT_ALA,PLT_ALA_L03,DefectoSuperficial,2,4.537,42.778,566.203,418937.31133999996,281.9899,8
2025-10-01 00:00:00,PLT_ALA,PLT_ALA_L03,CambioFormatoPlanificado,1,6.329,53.322,285.766,418937.31133999996,238.9708,9
2025-10-01 00:00:00,PLT_ALA,PLT_ALA_L02,InspeccionSeguridadReglamentaria,1,3.915,25.817,421.256,418174.0243800005,217.58529999999996,10
2025-10-01 00:00:00,PLT_ALA,PLT_ALA_L04,ErrorInspeccion,1,3.577,29.285,375.313,438704.57700999914,198.7764,11
2025-10-01 00:00:00,PLT_ALA,PLT_ALA_L02,CaidaGasIndustrial,1,2.553,20.514,374.823,418174.0243800005,173.76389999999998,12
2025-10-01 00:00:00,PLT_ALA,PLT_ALA_L03,ParadaPlanificadaUtilidades,1,4.149,29.401,228.412,418937.31133999996,166.2041,13
2025-10-01 00:00:00,PLT_ALA,PLT_ALA_L01,FalloHidraulico,1,0.901,9.044,66.136,492151.4862900002,42.3828,14
2024-04-01 00:00:00,PLT_BIZ,PLT_BIZ_L03,FalloVision,3,7.981,65.493,2708.5460000000003,443227.9412699993,1004.9303,1
2024-04-01 00:00:00,PLT_BIZ,PLT_BIZ_L03,VariacionEspesor,1,3.693,30.372,1825.888,443227.9412699993,636.8124,2
2024-04-01 00:00:00,PLT_BIZ,PLT_BIZ_L03,ParadaPlanificadaUtilidades,1,4.233,32.547,1658.286,443227.9412699993,598.4192999999999,3
2024-04-01 00:00:00,PLT_BIZ,PLT_BIZ_L02,CurvaTermicaFueraBanda,3,7.526,41.182,1394.739,420836.7492100008,589.5327,4
2024-04-01 00:00:00,PLT_BIZ,PLT_BIZ_L04,FalloTransportador,3,5.869,54.952,675.481,483359.6434799996,347.5003,5
2024-04-01 00:00:00,PLT_BIZ,PLT_BIZ_L02,CaidaGasIndustrial,2,4.449,30.579,682.988,420836.7492100008,309.1659,6
2024-04-01 00:00:00,PLT_BIZ,PLT_BIZ_L04,ErrorInspeccion,1,1.355,15.739,652.262,483359.6434799996,230.64809999999997,7
2024-04-01 00:00:00,PLT_BIZ,PLT_BIZ_L02,TermoparDescalibrado,1,3.594,17.636,431.075,420836.7492100008,210.0205,8
2024-04-01 00:00:00,PLT_BIZ,PLT_BIZ_L01,InestabilidadTorque,1,2.434,23.596,140.016,481255.1173999999,102.4828,9
2024-04-01 00:00:00,PLT_BIZ,PLT_BIZ_L01,DesalineacionRodillos,1,0.443,3.965,71.538,481255.1173999999,32.3039,10
2024-04-01 00:00:00,PLT_BIZ,PLT_BIZ_L03,DefectoSuperficial,1,0.606,4.498,27.628,443227.9412699993,22.657400000000003,11
2024-05-01 00:00:00,PLT_BIZ,PLT_BIZ_L03,ParadaPlanificadaUtilidades,2,10.437999999999999,69.613,1734.7579999999998,454566.0471299996,763.9938999999999,1
2024-05-01 00:00:00,PLT_BIZ,PLT_BIZ_L04,AnomaliaInstrumentacion,2,6.308,66.27199999999999,1949.42,493420.9483800004,744.122,2
2024-05-01 00:00:00,PLT_BIZ,PLT_BIZ_L01,CambioFormatoPlanificado,1,10.606,93.103,1081.558,489366.54781999934,583.1388999999999,3
2024-05-01 00:00:00,PLT_BIZ,PLT_BIZ_L03,BloqueoManipulador,1,2.843,20.045,1380.678,454566.0471299996,481.08590000000004,4
2024-05-01 00:00:00,PLT_BIZ,PLT_BIZ_L03,MantenimientoPreventivoProgramado,1,2.383,20.204,1207.477,454566.0471299996,420.0051,5
2024-05-01 00:00:00,PLT_BIZ,PLT_BIZ_L03,FalloVision,1,3.524,29.494,860.172,454566.0471299996,343.27860000000004,6
2024-05-01 00:00:00,PLT_BIZ,PLT_BIZ_L04,NoConformidadLote,1,6.406,68.917,495.343,493420.9483800004,311.1814,7
2024-05-01 00:00:00,PLT_BIZ,PLT_BIZ_L03,VariacionEspesor,1,2.372,22.557,745.284,454566.0471299996,282.3037,8
2024-05-01 00:00:00,PLT_BIZ,PLT_BIZ_L04,ErrorInspeccion,1,3.993,41.48,488.952,493420.9483800004,247.2856,9
2024-05-01 00:00:00,PLT_BIZ,PLT_BIZ_L04,MantenimientoPreventivoProgramado,1,4.041,46.928,443.391,493420.9483800004,237.30130000000003,10
2024-05-01 00:00:00,PLT_BIZ,PLT_BIZ_L01,ParadaPlanificadaUtilidades,1,3.861,32.036,305.867,489366.54781999934,184.99810000000002,11
2024-05-01 00:00:00,PLT_BIZ,PLT_BIZ_L01,MantenimientoPreventivoProgramado,1,3.421,29.914,161.901,489366.54781999934,131.9473,12
2024-05-01 00:00:00,PLT_BIZ,PLT_BIZ_L04,CambioFormatoPlanificado,1,3.0,27.477,147.123,493420.9483800004,117.87540000000001,13
2024-05-01 00:00:00,PLT_BIZ,PLT_BIZ_L01,DesalineacionRodillos,1,1.615,11.827,116.361,489366.54781999934,73.12180000000001,14
2024-05-01 00:00:00,PLT_BIZ,PLT_BIZ_L03,DefectoSuperficial,1,0.868,6.806,94.182,454566.0471299996,49.0176,15
2025-05-01 00:00:00,PLT_ALA,PLT_ALA_L01,AtascoMaterial,3,14.152000000000001,131.721,6372.465,518783.7787199999,2260.64,1
2025-05-01 00:00:00,PLT_ALA,PLT_ALA_L04,ErrorInspeccion,1,6.372,48.847,2801.395,471639.09042999905,992.2819999999999,2
2025-05-01 00:00:00,PLT_ALA,PLT_ALA_L02,ParadaPlanificadaUtilidades,2,8.113,53.359,1853.77,444514.0687100001,745.0704999999999,3
2025-05-01 00:00:00,PLT_ALA,PLT_ALA_L02,CambioFormatoPlanificado,1,5.485,35.819,1432.637,444514.0687100001,557.4005999999999,4
2025-05-01 00:00:00,PLT_ALA,PLT_ALA_L01,DesalineacionRodillos,1,4.379,43.42,1157.851,518783.7787199999,456.64529999999996,5
2025-05-01 00:00:00,PLT_ALA,PLT_ALA_L01,InestabilidadTorque,2,4.424,44.449,1134.1409999999998,518783.7787199999,450.94679999999994,6
2025-05-01 00:00:00,PLT_ALA,PLT_ALA_L02,CurvaTermicaFueraBanda,3,6.873,50.146,515.203,444514.0687100001,317.09389999999996,7
2025-05-01 00:00:00,PLT_ALA,PLT_ALA_L03,BloqueoManipulador,2,4.3740000000000006,44.68000000000001,198.274,449686.02731999947,169.30220000000003,8
2025-05-01 00:00:00,PLT_ALA,PLT_ALA_L03,VariacionEspesor,1,3.931,37.977,146.201,449686.02731999947,141.4688,9
2025-05-01 00:00:00,PLT_ALA,PLT_ALA_L01,FalloHidraulico,1,1.047,11.691,64.729,518783.7787199999,46.2042,10
2025-11-01 00:00:00,PLT_BIZ,PLT_BIZ_L02,ParadaPlanificadaUtilidades,2,13.623999999999999,83.52,4132.244,402871.4215899999,1553.9132,1
2025-11-01 00:00:00,PLT_BIZ,PLT_BIZ_L03,DefectoSuperficial,2,7.287,52.557,2766.107,423925.0344999996,1001.8506,2
2025-11-01 00:00:00,PLT_BIZ,PLT_BIZ_L03,BloqueoManipulador,2,3.02,25.942,1502.008,423925.0344999996,523.9734,3
2025-11-01 00:00:00,PLT_BIZ,PLT_BIZ_L01,MantenimientoPreventivoProgramado,1,4.859,37.609,1208.291,456569.4933899994,478.4718,4
2025-11-01 00:00:00,PLT_BIZ,PLT_BIZ_L02,CurvaTermicaFueraBanda,1,5.956,34.669,294.809,402871.4215899999,224.8972,5
2025-11-01 00:00:00,PLT_BIZ,PLT_BIZ_L04,ErrorInspeccion,1,0.885,10.868,641.573,461661.5668099999,215.60589999999996,6
2025-11-01 00:00:00,PLT_BIZ,PLT_BIZ_L04,NoConformidadLote,2,3.378,38.525000000000006,379.603,461661.5668099999,200.7034,7
2025-11-01 00:00:00,PLT_BIZ,PLT_BIZ_L02,InspeccionSeguridadReglamentaria,1,2.503,13.077,463.092,402871.4215899999,195.52609999999999,8
2025-11-01 00:00:00,PLT_BIZ,PLT_BIZ_L03,FalloVision,1,1.041,9.168,279.305,423925.0344999996,109.19550000000001,9
2025-11-01 00:00:00,PLT_BIZ,PLT_BIZ_L03,VariacionEspesor,1,2.267,15.953,149.296,423925.0344999996,98.1053,10
2025-11-01 00:00:00,PLT_BIZ,PLT_BIZ_L01,AtascoMaterial,1,0.888,8.94,210.963,456569.4933899994,85.5189,11
2025-11-01 00:00:00,PLT_BIZ,PLT_BIZ_L01,FalloHidraulico,1,1.506,13.943,83.598,456569.4933899994,62.1709,12
2025-11-01 00:00:00,PLT_BIZ,PLT_BIZ_L02,TermoparDescalibrado,1,0.432,2.761,34.412,402871.4215899999,20.344099999999997,13
2024-03-01 00:00:00,PLT_ALA,PLT_ALA_L02,CurvaTermicaFueraBanda,1,4.058,32.899,2027.496,447703.0570700001,705.8583,1
2024-03-01 00:00:00,PLT_ALA,PLT_ALA_L04,NoConformidadLote,2,2.893,31.384,1444.156,464090.9380400005,506.79879999999997,2
2024-03-01 00:00:00,PLT_ALA,PLT_ALA_L04,CambioFormatoPlanificado,1,7.27,72.385,479.807,464090.9380400005,325.5346,3
2024-03-01 00:00:00,PLT_ALA,PLT_ALA_L04,ErrorInspeccion,1,5.618,53.029,585.029,464090.9380400005,314.3832,4
2024-03-01 00:00:00,PLT_ALA,PLT_ALA_L03,DefectoSuperficial,2,4.606,34.436,359.52700000000004,446900.1221999987,217.1961,5
2024-03-01 00:00:00,PLT_ALA,PLT_ALA_L01,InestabilidadTorque,1,1.808,15.633,523.637,520618.2464200006,201.06759999999997,6
2024-03-01 00:00:00,PLT_ALA,PLT_ALA_L01,AtascoMaterial,1,2.054,21.307,365.653,520618.2464200006,161.4294,7
2024-03-01 00:00:00,PLT_ALA,PLT_ALA_L02,FalloQuemador,1,3.579,25.032,256.294,447703.0570700001,160.98420000000002,8
2024-03-01 00:00:00,PLT_ALA,PLT_ALA_L03,FalloVision,1,2.525,24.681,138.079,446900.1221999987,104.2642,9
2024-03-01 00:00:00,PLT_ALA,PLT_ALA_L03,VariacionEspesor,1,1.618,14.933,92.19,446900.1221999987,67.4835,10
2025-04-01 00:00:00,PLT_BIZ,PLT_BIZ_L02,MantenimientoPreventivoProgramado,1,3.835,18.908,1359.903,425644.3681299997,494.12489999999997,1
2025-04-01 00:00:00,PLT_BIZ,PLT_BIZ_L01,InestabilidadTorque,2,10.206,88.721,801.846,478929.35681999964,489.03430000000003,2
2025-04-01 00:00:00,PLT_BIZ,PLT_BIZ_L03,FalloVision,1,2.415,18.655,1281.386,449925.83625000063,442.0433,3
2025-04-01 00:00:00,PLT_BIZ,PLT_BIZ_L04,AnomaliaInstrumentacion,2,8.068,85.509,524.556,484778.7914400002,361.48130000000003,4
2025-04-01 00:00:00,PLT_BIZ,PLT_BIZ_L02,CaidaGasIndustrial,2,6.352,38.876,442.467,425644.3681299997,279.2181,5
2025-04-01 00:00:00,PLT_BIZ,PLT_BIZ_L02,InspeccionSeguridadReglamentaria,1,2.071,11.832,526.326,425644.3681299997,205.2338,6
2025-04-01 00:00:00,PLT_BIZ,PLT_BIZ_L01,ParadaPlanificadaUtilidades,1,3.628,36.563,263.187,478929.35681999964,169.79760000000002,7
2025-04-01 00:00:00,PLT_BIZ,PLT_BIZ_L01,FalloHidraulico,1,3.468,32.817,191.567,478929.35681999964,143.23860000000002,8
2025-04-01 00:00:00,PLT_BIZ,PLT_BIZ_L03,DefectoSuperficial,1,1.114,7.71,281.781,449925.83625000063,110.6693,9
2025-04-01 00:00:00,PLT_BIZ,PLT_BIZ_L01,DesalineacionRodillos,1,2.711,27.613,107.781,478929.35681999964,100.3608,10
2025-04-01 00:00:00,PLT_BIZ,PLT_BIZ_L04,MantenimientoPreventivoProgramado,1,1.718,15.79,189.755,484778.7914400002,99.1815,11
2025-04-01 00:00:00,PLT_BIZ,PLT_BIZ_L04,ErrorInspeccion,1,1.874,16.201,152.138,484778.7914400002,91.2219,12
2025-04-01 00:00:00,PLT_BIZ,PLT_BIZ_L02,FalloQuemador,1,0.881,4.61,98.997,425644.3681299997,49.6241,13
2025-09-01 00:00:00,PLT_ALA,PLT_ALA_L01,InestabilidadTorque,2,7.576,67.657,3498.724,468968.0395699999,1234.9657,1
2025-09-01 00:00:00,PLT_ALA,PLT_ALA_L02,InspeccionSeguridadReglamentaria,1,7.567,56.176,3320.695,403254.8958000003,1175.6364999999998,2
2025-09-01 00:00:00,PLT_ALA,PLT_ALA_L03,InspeccionSeguridadReglamentaria,1,5.491,51.625,1762.484,403743.25821000023,664.3777,3
2025-09-01 00:00:00,PLT_ALA,PLT_ALA_L01,CambioFormatoPlanificado,2,8.189,75.544,1330.62,468968.0395699999,600.7379999999999,4
2025-09-01 00:00:00,PLT_ALA,PLT_ALA_L03,ParadaPlanificadaUtilidades,2,7.992,68.75399999999999,917.259,403743.25821000023,469.39470000000006,5
2025-09-01 00:00:00,PLT_ALA,PLT_ALA_L01,FalloHidraulico,2,3.608,37.605,441.736,468968.0395699999,223.48329999999999,6
2025-09-01 00:00:00,PLT_ALA,PLT_ALA_L03,VariacionEspesor,1,3.06,30.584,410.144,403743.25821000023,199.5352,7
2025-09-01 00:00:00,PLT_ALA,PLT_ALA_L02,CurvaTermicaFueraBanda,1,3.609,28.522,307.589,403254.8958000003,178.71769999999998,8
2025-09-01 00:00:00,PLT_ALA,PLT_ALA_L01,DesalineacionRodillos,1,3.467,27.043,283.564,468968.0395699999,167.9307,9
2025-09-01 00:00:00,PLT_ALA,PLT_ALA_L04,ErrorInspeccion,1,0.735,7.392,381.42,427896.7766799999,132.822,10
2025-09-01 00:00:00,PLT_ALA,PLT_ALA_L02,TermoparDescalibrado,1,2.155,19.384,135.229,403254.8958000003,93.36070000000001,11
2025-09-01 00:00:00,PLT_ALA,PLT_ALA_L01,ParadaPlanificadaUtilidades,1,2.297,20.515,119.57,468968.0395699999,92.0685,12
2025-09-01 00:00:00,PLT_ALA,PLT_ALA_L01,AtascoMaterial,1,1.081,8.977,50.274,468968.0395699999,41.19070000000001,13
2024-03-01 00:00:00,PLT_CAN,PLT_CAN_L01,InspeccionSeguridadReglamentaria,1,4.081,45.762,2654.031,506468.5661299999,900.7103,1
2024-03-01 00:00:00,PLT_CAN,PLT_CAN_L02,TermoparDescalibrado,3,6.458,50.437,2197.283,469020.4056099997,813.5633999999999,2
2024-03-01 00:00:00,PLT_CAN,PLT_CAN_L03,ParadaPlanificadaUtilidades,1,4.041,38.258,1654.071,437089.85528999957,596.1703,3
2024-03-01 00:00:00,PLT_CAN,PLT_CAN_L03,BloqueoManipulador,2,3.58,27.175,1682.303,437089.85528999957,589.8784,4
2024-03-01 00:00:00,PLT_CAN,PLT_CAN_L03,MantenimientoPreventivoProgramado,2,5.523,50.002,1152.521,437089.85528999957,481.2172999999999,5
2024-03-01 00:00:00,PLT_CAN,PLT_CAN_L01,InestabilidadTorque,1,3.333,30.862,855.173,506468.5661299999,338.6429,6
2024-03-01 00:00:00,PLT_CAN,PLT_CAN_L02,InspeccionSeguridadReglamentaria,1,6.666,52.64,524.766,469020.4056099997,317.0698,7
2024-03-01 00:00:00,PLT_CAN,PLT_CAN_L01,ParadaPlanificadaUtilidades,1,5.064,53.707,521.396,506468.5661299999,284.5523,8
2024-03-01 00:00:00,PLT_CAN,PLT_CAN_L04,ParadaPlanificadaUtilidades,1,2.371,22.346,378.174,471285.59038000007,172.0452,9
2024-03-01 00:00:00,PLT_CAN,PLT_CAN_L03,FalloVision,1,2.596,20.604,283.312,437089.85528999957,147.2156,10
2024-03-01 00:00:00,PLT_CAN,PLT_CAN_L04,AnomaliaInstrumentacion,1,0.575,4.337,260.436,471285.59038000007,91.79929999999999,11
2024-10-01 00:00:00,PLT_BIZ,PLT_BIZ_L03,ParadaPlanificadaUtilidades,1,5.18,46.91,2466.827,428859.31932000007,867.1031000000002,1
2024-10-01 00:00:00,PLT_BIZ,PLT_BIZ_L02,TermoparDescalibrado,1,5.167,36.47,1187.512,407345.3404899995,477.82859999999994,2
2024-10-01 00:00:00,PLT_BIZ,PLT_BIZ_L01,CambioFormatoPlanificado,1,6.433,51.573,432.667,459036.6399399993,284.24659999999994,3
2024-10-01 00:00:00,PLT_BIZ,PLT_BIZ_L02,InspeccionSeguridadReglamentaria,1,3.921,22.124,539.623,407345.3404899995,251.3689,4
2024-10-01 00:00:00,PLT_BIZ,PLT_BIZ_L01,MantenimientoPreventivoProgramado,1,4.884,36.137,439.356,459036.6399399993,247.5553,5
2024-10-01 00:00:00,PLT_BIZ,PLT_BIZ_L01,InspeccionSeguridadReglamentaria,1,4.864,37.624,377.263,459036.6399399993,229.27089999999998,6
2024-10-01 00:00:00,PLT_BIZ,PLT_BIZ_L03,DefectoSuperficial,2,1.944,16.082,596.245,428859.31932000007,225.7945,7
2024-10-01 00:00:00,PLT_BIZ,PLT_BIZ_L04,FalloTransportador,1,0.818,7.964,452.32,467197.1022499993,156.038,8
2024-10-01 00:00:00,PLT_BIZ,PLT_BIZ_L03,BloqueoManipulador,1,1.105,7.759,290.21,428859.31932000007,113.04249999999999,9
2024-10-01 00:00:00,PLT_BIZ,PLT_BIZ_L04,CambioFormatoPlanificado,1,1.538,14.124,170.511,467197.1022499993,88.9753,10
2024-10-01 00:00:00,PLT_BIZ,PLT_BIZ_L03,VariacionEspesor,1,0.441,4.259,165.615,428859.31932000007,60.634,11
2025-03-01 00:00:00,PLT_BIZ,PLT_BIZ_L04,InspeccionSeguridadReglamentaria,2,13.780000000000001,156.654,2491.105,495300.0392500003,1101.2585,1
2025-03-01 00:00:00,PLT_BIZ,PLT_BIZ_L03,DefectoSuperficial,2,8.161999999999999,68.343,2028.107,459081.31145000015,805.8436,2
2025-03-01 00:00:00,PLT_BIZ,PLT_BIZ_L03,MantenimientoPreventivoProgramado,1,5.906,52.611,2180.028,459081.31145000015,798.4339,3
2025-03-01 00:00:00,PLT_BIZ,PLT_BIZ_L01,FalloHidraulico,3,8.338,65.477,733.537,497209.1830400004,419.5596,4
2025-03-01 00:00:00,PLT_BIZ,PLT_BIZ_L04,FalloTransportador,2,7.187,74.525,717.0070000000001,495300.0392500003,396.1046,5
2025-03-01 00:00:00,PLT_BIZ,PLT_BIZ_L02,FalloQuemador,1,5.569,35.179,797.797,441209.2060699997,368.3086,6
2025-03-01 00:00:00,PLT_BIZ,PLT_BIZ_L03,VariacionEspesor,3,4.696000000000001,41.588,830.2020000000001,459081.31145000015,363.7746,7
2025-03-01 00:00:00,PLT_BIZ,PLT_BIZ_L02,ParadaPlanificadaUtilidades,1,4.406,25.989,716.283,441209.2060699997,315.9994,8
2025-03-01 00:00:00,PLT_BIZ,PLT_BIZ_L04,ErrorInspeccion,1,6.331,70.534,505.213,495300.0392500003,313.4509,9
2025-03-01 00:00:00,PLT_BIZ,PLT_BIZ_L02,CambioFormatoPlanificado,1,2.723,16.177,721.429,441209.2060699997,278.9772,10
2025-03-01 00:00:00,PLT_BIZ,PLT_BIZ_L04,AnomaliaInstrumentacion,1,2.511,25.015,173.417,495300.0392500003,114.7526,11
2025-03-01 00:00:00,PLT_BIZ,PLT_BIZ_L03,FalloVision,1,1.207,8.688,92.84,459081.31145000015,56.336,12
2025-03-01 00:00:00,PLT_BIZ,PLT_BIZ_L02,TermoparDescalibrado,1,0.702,4.37,93.467,441209.2060699997,44.2651,13
2025-07-01 00:00:00,PLT_BIZ,PLT_BIZ_L01,FalloHidraulico,1,7.824,60.83,2687.713,452185.9865200001,993.2089,1
2025-07-01 00:00:00,PLT_BIZ,PLT_BIZ_L02,CurvaTermicaFueraBanda,3,9.152,64.194,1084.2359999999999,402741.2046999996,540.4078,2
2025-07-01 00:00:00,PLT_BIZ,PLT_BIZ_L03,InspeccionSeguridadReglamentaria,1,3.089,27.054,1445.583,422532.1288399996,508.9819,3
2025-07-01 00:00:00,PLT_BIZ,PLT_BIZ_L01,DesalineacionRodillos,3,5.658,40.54,972.4480000000001,452185.9865200001,425.1644,4
2025-07-01 00:00:00,PLT_BIZ,PLT_BIZ_L01,MantenimientoPreventivoProgramado,3,6.423,49.231,605.5989999999999,452185.9865200001,334.75519999999995,5
2025-07-01 00:00:00,PLT_BIZ,PLT_BIZ_L03,DefectoSuperficial,1,2.79,24.482,641.663,422532.1288399996,260.5399,6
2025-07-01 00:00:00,PLT_BIZ,PLT_BIZ_L03,FalloVision,1,0.816,5.995,511.529,422532.1288399996,172.7762,7
2025-07-01 00:00:00,PLT_BIZ,PLT_BIZ_L04,NoConformidadLote,1,2.697,28.29,178.371,461165.9854699998,121.5963,8
2025-07-01 00:00:00,PLT_BIZ,PLT_BIZ_L01,AtascoMaterial,1,1.799,14.127,85.354,452185.9865200001,68.6497,9
2025-07-01 00:00:00,PLT_BIZ,PLT_BIZ_L04,ErrorInspeccion,2,1.083,12.727,82.43,461165.9854699998,52.7525,10
2025-07-01 00:00:00,PLT_BIZ,PLT_BIZ_L03,BloqueoManipulador,1,0.35,2.992,77.101,422532.1288399996,31.626299999999997,11
2025-09-01 00:00:00,PLT_CAN,PLT_CAN_L02,CambioFormatoPlanificado,1,6.429,42.976,2692.027,421255.9067599999,957.6761,1
2025-09-01 00:00:00,PLT_CAN,PLT_CAN_L02,FalloQuemador,5,10.620999999999999,83.632,1090.599,421255.9067599999,581.4156999999999,2
2025-09-01 00:00:00,PLT_CAN,PLT_CAN_L04,AnomaliaInstrumentacion,1,6.077,50.887,1382.701,426468.3567499998,561.7937999999999,3
2025-09-01 00:00:00,PLT_CAN,PLT_CAN_L01,InspeccionSeguridadReglamentaria,1,3.241,29.102,592.697,466482.36782000004,257.1801,4
2025-09-01 00:00:00,PLT_CAN,PLT_CAN_L02,TermoparDescalibrado,1,4.765,41.578,339.303,421255.9067599999,217.8799,5
2025-09-01 00:00:00,PLT_CAN,PLT_CAN_L01,DesalineacionRodillos,2,2.414,23.948,519.03,466482.36782000004,215.96299999999997,6
2025-09-01 00:00:00,PLT_CAN,PLT_CAN_L03,FalloVision,2,4.3999999999999995,37.974999999999994,317.28,398910.4820699999,202.17149999999998,7
2025-09-01 00:00:00,PLT_CAN,PLT_CAN_L02,ParadaPlanificadaUtilidades,1,4.798,41.551,258.165,421255.9067599999,194.185,8
2025-09-01 00:00:00,PLT_CAN,PLT_CAN_L01,AtascoMaterial,1,3.788,39.144,255.792,466482.36782000004,172.0696,9
2025-09-01 00:00:00,PLT_CAN,PLT_CAN_L03,BloqueoManipulador,1,0.35,3.021,30.299,398910.4820699999,17.600199999999997,10
2024-03-01 00:00:00,PLT_BIZ,PLT_BIZ_L03,DefectoSuperficial,1,5.895,48.577,1923.203,457208.03116000065,719.1493999999999,1
2024-03-01 00:00:00,PLT_BIZ,PLT_BIZ_L01,MantenimientoPreventivoProgramado,2,9.004999999999999,89.03200000000001,1379.462,492927.70694999944,638.4546,2
2024-03-01 00:00:00,PLT_BIZ,PLT_BIZ_L04,NoConformidadLote,3,8.304,89.46799999999999,1222.7450000000001,494779.01300999953,577.6375,3
2024-03-01 00:00:00,PLT_BIZ,PLT_BIZ_L02,FalloQuemador,1,7.494,41.852,1256.86,432506.97858000046,547.8639999999999,4
2024-03-01 00:00:00,PLT_BIZ,PLT_BIZ_L03,CambioFormatoPlanificado,1,2.479,21.747,981.004,457208.03116000065,354.75469999999996,5
2024-03-01 00:00:00,PLT_BIZ,PLT_BIZ_L03,VariacionEspesor,1,1.904,17.513,851.941,457208.03116000065,302.4188,6
2024-03-01 00:00:00,PLT_BIZ,PLT_BIZ_L04,FalloTransportador,2,4.8149999999999995,45.284,355.50100000000003,494779.01300999953,225.59230000000002,7
2024-03-01 00:00:00,PLT_BIZ,PLT_BIZ_L02,CaidaGasIndustrial,2,3.5940000000000003,21.229999999999997,338.029,432506.97858000046,183.90370000000001,8
2024-03-01 00:00:00,PLT_BIZ,PLT_BIZ_L02,MantenimientoPreventivoProgramado,1,3.603,23.651,245.397,432506.97858000046,157.5046,9
2024-03-01 00:00:00,PLT_BIZ,PLT_BIZ_L04,AnomaliaInstrumentacion,1,2.973,32.206,229.963,494779.01300999953,144.55190000000002,10
2024-03-01 00:00:00,PLT_BIZ,PLT_BIZ_L03,BloqueoManipulador,1,0.737,6.779,400.756,457208.03116000065,138.35629999999998,11
2024-03-01 00:00:00,PLT_BIZ,PLT_BIZ_L01,AtascoMaterial,1,2.332,19.198,181.042,492927.70694999944,110.5516,12
2024-03-01 00:00:00,PLT_BIZ,PLT_BIZ_L02,CambioFormatoPlanificado,1,2.025,13.757,192.849,432506.97858000046,105.2332,13
2024-03-01 00:00:00,PLT_BIZ,PLT_BIZ_L02,CurvaTermicaFueraBanda,2,1.452,8.936,100.613,432506.97858000046,63.6919,14
2024-03-01 00:00:00,PLT_BIZ,PLT_BIZ_L01,InestabilidadTorque,1,1.344,9.659,52.763,492927.70694999944,47.5384,15
2024-03-01 00:00:00,PLT_BIZ,PLT_BIZ_L01,DesalineacionRodillos,1,1.065,9.411,44.303,492927.70694999944,39.2964,16
2024-10-01 00:00:00,PLT_CAN,PLT_CAN_L03,InspeccionSeguridadReglamentaria,1,8.04,72.305,1811.963,408145.9178800007,740.5414,1
2024-10-01 00:00:00,PLT_CAN,PLT_CAN_L02,CurvaTermicaFueraBanda,2,7.782,56.287000000000006,1627.949,434831.63895,672.1682,2
2024-10-01 00:00:00,PLT_CAN,PLT_CAN_L04,CambioFormatoPlanificado,1,3.363,35.068,1562.903,435898.0344100003,553.6649,3
2024-10-01 00:00:00,PLT_CAN,PLT_CAN_L02,TermoparDescalibrado,2,7.378,60.791,1212.818,434831.63895,541.8009,4
2024-10-01 00:00:00,PLT_CAN,PLT_CAN_L04,InspeccionSeguridadReglamentaria,1,5.743,44.269,1131.309,435898.0344100003,476.3872,5
2024-10-01 00:00:00,PLT_CAN,PLT_CAN_L01,CambioFormatoPlanificado,1,4.738,47.15,503.138,474636.2475800003,269.27639999999997,6
2024-10-01 00:00:00,PLT_CAN,PLT_CAN_L04,ParadaPlanificadaUtilidades,1,4.342,42.351,483.949,435898.0344100003,253.2002,7
2024-10-01 00:00:00,PLT_CAN,PLT_CAN_L03,FalloVision,1,1.461,11.15,511.355,408145.9178800007,188.20149999999998,8
2024-10-01 00:00:00,PLT_CAN,PLT_CAN_L01,ParadaPlanificadaUtilidades,1,4.879,49.862,193.213,474636.2475800003,180.4749,9
2024-10-01 00:00:00,PLT_CAN,PLT_CAN_L01,InestabilidadTorque,1,0.97,9.862,459.83,474636.2475800003,162.28,10
2024-10-01 00:00:00,PLT_CAN,PLT_CAN_L04,FalloTransportador,1,2.201,21.179,267.19,435898.0344100003,134.7665,11
2024-10-01 00:00:00,PLT_CAN,PLT_CAN_L02,CambioFormatoPlanificado,1,2.628,17.637,181.325,434831.63895,115.77600000000001,12
2024-10-01 00:00:00,PLT_CAN,PLT_CAN_L02,FalloQuemador,1,2.815,22.743,121.524,434831.63895,104.12870000000001,13
2024-10-01 00:00:00,PLT_CAN,PLT_CAN_L01,FalloHidraulico,1,0.587,6.13,126.239,474636.2475800003,52.6767,14
2024-10-01 00:00:00,PLT_CAN,PLT_CAN_L03,VariacionEspesor,1,0.419,3.658,34.952,408145.9178800007,20.6946,15
2025-03-01 00:00:00,PLT_CAN,PLT_CAN_L03,MantenimientoPreventivoProgramado,1,5.853,55.71,3274.474,439674.2305399998,1127.2572,1
2025-03-01 00:00:00,PLT_CAN,PLT_CAN_L02,CambioFormatoPlanificado,1,4.262,28.264,2804.374,470503.53247000044,940.6841999999999,2
2025-03-01 00:00:00,PLT_CAN,PLT_CAN_L03,VariacionEspesor,2,3.433,26.249000000000002,1368.236,439674.2305399998,492.25530000000003,3
2025-03-01 00:00:00,PLT_CAN,PLT_CAN_L01,CambioFormatoPlanificado,1,8.3,89.112,826.288,514324.86851999984,458.44239999999996,4
2025-03-01 00:00:00,PLT_CAN,PLT_CAN_L02,CaidaGasIndustrial,2,2.585,20.215,1260.415,470503.53247000044,439.93199999999996,5
2025-03-01 00:00:00,PLT_CAN,PLT_CAN_L04,InspeccionSeguridadReglamentaria,1,2.901,30.277,1126.242,473207.1150300007,411.0311,6
2025-03-01 00:00:00,PLT_CAN,PLT_CAN_L04,MantenimientoPreventivoProgramado,1,6.065,52.158,803.42,473207.1150300007,388.405,7
2025-03-01 00:00:00,PLT_CAN,PLT_CAN_L03,CambioFormatoPlanificado,1,4.995,37.2,323.278,439674.2305399998,215.48340000000002,8
2025-03-01 00:00:00,PLT_CAN,PLT_CAN_L03,DefectoSuperficial,1,1.186,7.976,599.944,439674.2305399998,207.69119999999998,9
2025-03-01 00:00:00,PLT_CAN,PLT_CAN_L02,FalloQuemador,3,4.635,37.711,287.78599999999994,470503.53247000044,197.8913,10
2025-03-01 00:00:00,PLT_CAN,PLT_CAN_L01,FalloHidraulico,1,4.605,49.639,232.801,514324.86851999984,186.7598,11
2025-03-01 00:00:00,PLT_CAN,PLT_CAN_L02,CurvaTermicaFueraBanda,2,2.749,18.311,359.142,470503.53247000044,171.87810000000002,12
2025-03-01 00:00:00,PLT_CAN,PLT_CAN_L03,FalloVision,1,3.518,26.184,136.635,439674.2305399998,124.4425,13
2025-03-01 00:00:00,PLT_CAN,PLT_CAN_L01,AtascoMaterial,1,2.099,23.981,111.483,514324.86851999984,87.4154,14
2025-03-01 00:00:00,PLT_CAN,PLT_CAN_L02,ParadaPlanificadaUtilidades,1,2.422,16.868,94.758,470503.53247000044,85.3014,15
2025-03-01 00:00:00,PLT_CAN,PLT_CAN_L03,BloqueoManipulador,1,0.817,6.754,149.556,439674.2305399998,64.58380000000001,16
2025-03-01 00:00:00,PLT_CAN,PLT_CAN_L03,InspeccionSeguridadReglamentaria,1,1.2,11.618,102.397,439674.2305399998,60.5281,17
2025-03-01 00:00:00,PLT_CAN,PLT_CAN_L01,DesalineacionRodillos,1,0.35,3.194,20.945,514324.86851999984,14.880499999999998,18
2025-04-01 00:00:00,PLT_ALA,PLT_ALA_L01,AtascoMaterial,3,5.42,51.467999999999996,1211.495,508688.8426400001,497.5825,1
2025-04-01 00:00:00,PLT_ALA,PLT_ALA_L03,VariacionEspesor,2,7.589,62.545,928.0980000000001,432345.0233300004,461.4819,2
2025-04-01 00:00:00,PLT_ALA,PLT_ALA_L03,MantenimientoPreventivoProgramado,1,8.645,70.278,549.984,432345.0233300004,373.03420000000006,3
2025-04-01 00:00:00,PLT_ALA,PLT_ALA_L02,FalloQuemador,3,5.556,40.620999999999995,772.296,434904.0029899997,363.1193,4
2025-04-01 00:00:00,PLT_ALA,PLT_ALA_L02,CurvaTermicaFueraBanda,2,7.071,56.726,438.141,434904.0029899997,301.2253,5
2025-04-01 00:00:00,PLT_ALA,PLT_ALA_L01,FalloHidraulico,3,3.818,34.266,466.727,508688.8426400001,233.5111,6
2025-04-01 00:00:00,PLT_ALA,PLT_ALA_L03,InspeccionSeguridadReglamentaria,1,4.256,36.42,311.88,432345.0233300004,196.894,7
2025-04-01 00:00:00,PLT_ALA,PLT_ALA_L04,MantenimientoPreventivoProgramado,1,4.547,35.872,285.109,456679.4290199998,194.40869999999998,8
2025-04-01 00:00:00,PLT_ALA,PLT_ALA_L04,AnomaliaInstrumentacion,1,1.307,13.84,503.791,456679.4290199998,184.19729999999998,9
2025-04-01 00:00:00,PLT_ALA,PLT_ALA_L04,NoConformidadLote,1,2.349,21.8,407.973,456679.4290199998,180.27190000000002,10
2025-04-01 00:00:00,PLT_ALA,PLT_ALA_L03,FalloVision,1,3.99,35.352,183.497,432345.0233300004,152.5251,11
2025-04-01 00:00:00,PLT_ALA,PLT_ALA_L04,ErrorInspeccion,1,1.101,11.735,195.248,456679.4290199998,86.4619,12
2025-07-01 00:00:00,PLT_CAN,PLT_CAN_L03,FalloVision,2,5.445,49.099000000000004,816.2280000000001,401851.47121000005,378.31790000000007,1
2025-07-01 00:00:00,PLT_CAN,PLT_CAN_L03,DefectoSuperficial,2,6.728999999999999,59.986999999999995,577.352,401851.47121000005,337.77909999999997,2
2025-07-01 00:00:00,PLT_CAN,PLT_CAN_L04,ErrorInspeccion,2,3.709,33.95,753.003,432296.33921999985,317.0559,3
2025-07-01 00:00:00,PLT_CAN,PLT_CAN_L02,MantenimientoPreventivoProgramado,1,6.125,54.255,513.592,434427.63106000074,303.7051,4
2025-07-01 00:00:00,PLT_CAN,PLT_CAN_L01,MantenimientoPreventivoProgramado,1,1.2,9.982,734.832,475612.6270199997,249.44060000000002,5
2025-07-01 00:00:00,PLT_CAN,PLT_CAN_L03,BloqueoManipulador,2,3.6980000000000004,26.759999999999998,460.968,401851.47121000005,225.6304,6
2025-07-01 00:00:00,PLT_CAN,PLT_CAN_L01,ParadaPlanificadaUtilidades,1,4.023,43.428,383.334,475612.6270199997,217.17419999999998,7
2025-07-01 00:00:00,PLT_CAN,PLT_CAN_L01,InspeccionSeguridadReglamentaria,1,4.686,46.269,313.077,475612.6270199997,210.7776,8
2025-07-01 00:00:00,PLT_CAN,PLT_CAN_L01,CambioFormatoPlanificado,1,3.082,31.896,357.371,475612.6270199997,184.79930000000002,9
2025-07-01 00:00:00,PLT_CAN,PLT_CAN_L02,FalloQuemador,1,2.812,24.991,371.826,434427.63106000074,180.28330000000003,10
2025-07-01 00:00:00,PLT_CAN,PLT_CAN_L02,CurvaTermicaFueraBanda,2,1.792,15.306999999999999,332.979,434427.63106000074,143.3872,11
2025-07-01 00:00:00,PLT_CAN,PLT_CAN_L02,TermoparDescalibrado,2,0.728,5.614,318.781,434427.63106000074,113.0013,12
2025-07-01 00:00:00,PLT_CAN,PLT_CAN_L04,FalloTransportador,1,1.092,8.138,246.388,432296.33921999985,99.8254,13
2025-07-01 00:00:00,PLT_CAN,PLT_CAN_L03,MantenimientoPreventivoProgramado,1,1.575,13.542,97.958,401851.47121000005,67.6584,14
2025-07-01 00:00:00,PLT_CAN,PLT_CAN_L01,DesalineacionRodillos,1,0.574,5.766,87.473,475612.6270199997,40.6049,15
2025-09-01 00:00:00,PLT_BIZ,PLT_BIZ_L02,MantenimientoPreventivoProgramado,2,11.81,69.686,2167.502,394673.4543500001,921.2936,1
2025-09-01 00:00:00,PLT_BIZ,PLT_BIZ_L04,AnomaliaInstrumentacion,4,8.062,88.79599999999999,1866.346,448951.3318000003,765.5418,2
2025-09-01 00:00:00,PLT_BIZ,PLT_BIZ_L03,DefectoSuperficial,3,8.578,69.942,1411.949,413588.5503500004,630.1157000000001,3
2025-09-01 00:00:00,PLT_BIZ,PLT_BIZ_L01,InestabilidadTorque,2,6.073,49.599000000000004,632.5889999999999,446536.25157999987,336.0362,4
2025-09-01 00:00:00,PLT_BIZ,PLT_BIZ_L03,FalloVision,1,2.491,20.727,761.698,413588.5503500004,288.6929,5
2025-09-01 00:00:00,PLT_BIZ,PLT_BIZ_L02,CaidaGasIndustrial,2,4.83,26.747,592.9970000000001,394673.4543500001,287.87260000000003,6
2025-09-01 00:00:00,PLT_BIZ,PLT_BIZ_L03,InspeccionSeguridadReglamentaria,1,6.018,44.454,395.882,413588.5503500004,261.3516,7
2025-09-01 00:00:00,PLT_BIZ,PLT_BIZ_L04,NoConformidadLote,1,2.835,29.826,278.376,448951.3318000003,155.12579999999997,8
2025-09-01 00:00:00,PLT_BIZ,PLT_BIZ_L04,CambioFormatoPlanificado,1,2.041,22.94,208.985,448951.3318000003,114.9855,9
2025-09-01 00:00:00,PLT_BIZ,PLT_BIZ_L01,DesalineacionRodillos,1,0.655,4.884,78.414,446536.25157999987,39.0662,10
2025-05-01 00:00:00,PLT_CAN,PLT_CAN_L02,TermoparDescalibrado,4,9.525,72.943,1372.305,469497.06089,638.663,1
2025-05-01 00:00:00,PLT_CAN,PLT_CAN_L02,MantenimientoPreventivoProgramado,1,3.821,33.772,1634.712,469497.06089,583.7196,2
2025-05-01 00:00:00,PLT_CAN,PLT_CAN_L01,AtascoMaterial,2,2.7329999999999997,22.973000000000003,1699.462,517488.64175999997,575.9851,3
2025-05-01 00:00:00,PLT_CAN,PLT_CAN_L04,MantenimientoPreventivoProgramado,1,4.94,43.376,1102.305,472411.6189099996,451.1795,4
2025-05-01 00:00:00,PLT_CAN,PLT_CAN_L03,CambioFormatoPlanificado,1,3.117,26.91,870.118,442520.2603000001,336.83039999999994,5
2025-05-01 00:00:00,PLT_CAN,PLT_CAN_L03,FalloVision,2,4.267,33.855000000000004,761.8040000000001,442520.2603000001,330.80870000000004,6
2025-05-01 00:00:00,PLT_CAN,PLT_CAN_L02,ParadaPlanificadaUtilidades,1,7.322,45.601,451.591,469497.06089,304.7178,7
2025-05-01 00:00:00,PLT_CAN,PLT_CAN_L04,CambioFormatoPlanificado,1,5.383,39.4,406.711,472411.6189099996,249.3733,8
2025-05-01 00:00:00,PLT_CAN,PLT_CAN_L01,MantenimientoPreventivoProgramado,1,1.2,12.877,136.445,517488.64175999997,71.37199999999999,9
2025-05-01 00:00:00,PLT_CAN,PLT_CAN_L01,FalloHidraulico,1,1.174,13.032,83.665,517488.64175999997,55.0955,10
2025-05-01 00:00:00,PLT_CAN,PLT_CAN_L04,AnomaliaInstrumentacion,1,1.221,9.609,71.791,472411.6189099996,50.7618,11
2024-06-01 00:00:00,PLT_CAN,PLT_CAN_L04,InspeccionSeguridadReglamentaria,2,10.19,78.017,1630.73,445802.3528499992,732.0274999999999,1
2024-06-01 00:00:00,PLT_CAN,PLT_CAN_L02,CaidaGasIndustrial,3,6.09,46.743,697.1859999999999,447430.7121399996,354.3273,2
2024-06-01 00:00:00,PLT_CAN,PLT_CAN_L01,CambioFormatoPlanificado,1,4.829,50.057,658.39,484771.7452699997,319.1255,3
2024-06-01 00:00:00,PLT_CAN,PLT_CAN_L04,NoConformidadLote,1,3.713,33.194,580.867,445802.3528499992,265.1171,4
2024-06-01 00:00:00,PLT_CAN,PLT_CAN_L03,ParadaPlanificadaUtilidades,1,3.747,29.184,463.173,418080.4299600003,228.4839,5
2024-06-01 00:00:00,PLT_CAN,PLT_CAN_L03,DefectoSuperficial,1,1.713,13.184,592.402,418080.4299600003,218.57260000000002,6
2024-06-01 00:00:00,PLT_CAN,PLT_CAN_L02,MantenimientoPreventivoProgramado,1,5.158,40.604,246.866,447430.7121399996,197.52179999999998,7
2024-06-01 00:00:00,PLT_CAN,PLT_CAN_L01,MantenimientoPreventivoProgramado,1,2.618,29.971,265.906,484771.7452699997,147.1173,8
2024-06-01 00:00:00,PLT_CAN,PLT_CAN_L03,VariacionEspesor,1,1.783,14.667,310.971,418080.4299600003,136.2848,9
2024-06-01 00:00:00,PLT_CAN,PLT_CAN_L03,BloqueoManipulador,1,1.459,11.163,279.548,418080.4299600003,118.6259,10
2024-06-01 00:00:00,PLT_CAN,PLT_CAN_L04,AnomaliaInstrumentacion,1,2.191,17.191,208.159,445802.3528499992,114.8632,11
2024-06-01 00:00:00,PLT_CAN,PLT_CAN_L02,FalloQuemador,1,0.987,8.532,286.239,447430.7121399996,109.8777,12
2024-06-01 00:00:00,PLT_CAN,PLT_CAN_L01,AtascoMaterial,1,1.653,14.165,116.041,484771.7452699997,74.9548,13
2024-06-01 00:00:00,PLT_CAN,PLT_CAN_L01,InestabilidadTorque,1,0.844,7.201,177.818,484771.7452699997,73.8259,14
2024-06-01 00:00:00,PLT_CAN,PLT_CAN_L04,FalloTransportador,1,0.685,5.439,65.266,445802.3528499992,35.999300000000005,15
2024-06-01 00:00:00,PLT_CAN,PLT_CAN_L03,FalloVision,1,0.577,4.21,67.163,418080.4299600003,33.7939,16
2024-06-01 00:00:00,PLT_CAN,PLT_CAN_L01,FalloHidraulico,1,0.383,4.296,64.285,484771.7452699997,29.0935,17
2024-11-01 00:00:00,PLT_CAN,PLT_CAN_L02,FalloQuemador,2,7.005,50.42,1619.803,433623.3064899995,651.2509,1
2024-11-01 00:00:00,PLT_CAN,PLT_CAN_L01,InestabilidadTorque,1,5.39,61.04,1336.874,469896.7126600002,539.3822,2
2024-11-01 00:00:00,PLT_CAN,PLT_CAN_L04,ParadaPlanificadaUtilidades,1,3.492,29.428,455.485,433027.55485999986,221.1995,3
2024-11-01 00:00:00,PLT_CAN,PLT_CAN_L01,DesalineacionRodillos,1,3.102,26.008,351.379,469896.7126600002,180.45770000000002,4
2024-11-01 00:00:00,PLT_CAN,PLT_CAN_L01,FalloHidraulico,1,3.153,29.247,316.117,469896.7126600002,172.5186,5
2024-11-01 00:00:00,PLT_CAN,PLT_CAN_L03,DefectoSuperficial,2,2.66,19.872999999999998,287.947,405288.2051300003,149.5206,6
2024-11-01 00:00:00,PLT_CAN,PLT_CAN_L04,FalloTransportador,1,2.067,21.097,192.687,433027.55485999986,109.69460000000001,7
2024-11-01 00:00:00,PLT_CAN,PLT_CAN_L03,BloqueoManipulador,1,2.423,22.032,137.425,405288.2051300003,100.70349999999999,8
2024-11-01 00:00:00,PLT_CAN,PLT_CAN_L04,ErrorInspeccion,1,1.071,8.631,195.672,433027.55485999986,84.4371,9
2024-11-01 00:00:00,PLT_CAN,PLT_CAN_L01,AtascoMaterial,1,0.35,4.03,50.513,469896.7126600002,24.168899999999997,10
2024-11-01 00:00:00,PLT_CAN,PLT_CAN_L03,FalloVision,1,0.446,4.233,34.582,405288.2051300003,21.411099999999998,11
2024-12-01 00:00:00,PLT_CAN,PLT_CAN_L03,CambioFormatoPlanificado,2,11.18,82.13,2860.392,468363.77604999964,1122.7826,1
2024-12-01 00:00:00,PLT_CAN,PLT_CAN_L01,FalloHidraulico,2,8.592,99.73,2009.126,538192.0879199994,824.4428,2
2024-12-01 00:00:00,PLT_CAN,PLT_CAN_L02,CaidaGasIndustrial,3,6.81,57.093999999999994,1554.849,498792.25612999994,631.2017,3
2024-12-01 00:00:00,PLT_CAN,PLT_CAN_L01,InestabilidadTorque,1,5.455,61.807,1246.487,538192.0879199994,513.9496,4
2024-12-01 00:00:00,PLT_CAN,PLT_CAN_L04,CambioFormatoPlanificado,1,5.711,52.57,1060.529,501899.8333999994,458.66370000000006,5
2024-12-01 00:00:00,PLT_CAN,PLT_CAN_L01,MantenimientoPreventivoProgramado,1,3.299,29.85,817.572,538192.0879199994,326.1766,6
2024-12-01 00:00:00,PLT_CAN,PLT_CAN_L04,AnomaliaInstrumentacion,1,4.9,50.287,342.364,501899.8333999994,225.85270000000003,7
2024-12-01 00:00:00,PLT_CAN,PLT_CAN_L01,InspeccionSeguridadReglamentaria,1,2.966,30.47,260.946,538192.0879199994,152.8388,8
2024-12-01 00:00:00,PLT_CAN,PLT_CAN_L04,FalloTransportador,1,3.25,31.693,154.765,501899.8333999994,127.276,9
2024-12-01 00:00:00,PLT_CAN,PLT_CAN_L02,FalloQuemador,1,0.714,4.966,330.552,498792.25612999994,115.9286,10
2024-12-01 00:00:00,PLT_CAN,PLT_CAN_L03,VariacionEspesor,1,0.504,4.0,97.643,468363.77604999964,41.3729,11
2024-12-01 00:00:00,PLT_CAN,PLT_CAN_L02,CurvaTermicaFueraBanda,1,0.385,2.572,30.819,498792.25612999994,18.2317,12
2024-04-01 00:00:00,PLT_CAN,PLT_CAN_L03,CambioFormatoPlanificado,1,5.063,37.192,2595.912,421676.88897999976,898.6295999999999,1
2024-04-01 00:00:00,PLT_CAN,PLT_CAN_L04,ParadaPlanificadaUtilidades,2,13.515,110.764,1331.3700000000001,450519.8614300007,725.0930000000001,2
2024-04-01 00:00:00,PLT_CAN,PLT_CAN_L01,InspeccionSeguridadReglamentaria,1,1.953,22.517,1393.299,492897.7953899995,468.3082,3
2024-04-01 00:00:00,PLT_CAN,PLT_CAN_L03,MantenimientoPreventivoProgramado,1,3.452,31.597,996.867,421676.88897999976,383.8986,4
2024-04-01 00:00:00,PLT_CAN,PLT_CAN_L02,FalloQuemador,2,5.062,36.339999999999996,855.7950000000001,454069.6612600001,376.1485,5
2024-04-01 00:00:00,PLT_CAN,PLT_CAN_L01,MantenimientoPreventivoProgramado,1,1.817,16.69,1051.018,492897.7953899995,359.9904,6
2024-04-01 00:00:00,PLT_CAN,PLT_CAN_L04,InspeccionSeguridadReglamentaria,1,5.525,48.441,623.423,450519.8614300007,321.74739999999997,7
2024-04-01 00:00:00,PLT_CAN,PLT_CAN_L02,ParadaPlanificadaUtilidades,1,4.437,28.847,701.401,454069.6612600001,313.5838,8
2024-04-01 00:00:00,PLT_CAN,PLT_CAN_L04,NoConformidadLote,1,3.388,26.297,673.625,450519.8614300007,282.996,9
2024-04-01 00:00:00,PLT_CAN,PLT_CAN_L02,InspeccionSeguridadReglamentaria,1,5.709,49.556,476.805,454069.6612600001,281.99949999999995,10
2024-04-01 00:00:00,PLT_CAN,PLT_CAN_L04,MantenimientoPreventivoProgramado,1,1.2,10.556,479.394,450519.8614300007,173.09619999999998,11
2024-04-01 00:00:00,PLT_CAN,PLT_CAN_L03,DefectoSuperficial,1,1.354,11.805,370.923,421676.88897999976,144.2594,12
2024-04-01 00:00:00,PLT_CAN,PLT_CAN_L03,ParadaPlanificadaUtilidades,1,3.769,29.241,112.787,421676.88897999976,123.8366,13
2024-04-01 00:00:00,PLT_CAN,PLT_CAN_L04,ErrorInspeccion,1,1.064,9.277,253.227,450519.8614300007,101.88659999999999,14
2024-04-01 00:00:00,PLT_CAN,PLT_CAN_L03,BloqueoManipulador,1,1.561,13.171,136.425,421676.88897999976,78.733,15
2024-04-01 00:00:00,PLT_CAN,PLT_CAN_L03,FalloVision,2,1.3840000000000001,12.868,45.449,421676.88897999976,47.7487,16
2024-04-01 00:00:00,PLT_CAN,PLT_CAN_L01,FalloHidraulico,1,0.759,7.954,41.969,492897.7953899995,31.747700000000002,17
2024-04-01 00:00:00,PLT_CAN,PLT_CAN_L01,AtascoMaterial,1,0.567,5.113,34.088,492897.7953899995,24.1229,18
2024-05-01 00:00:00,PLT_CAN,PLT_CAN_L04,ErrorInspeccion,2,7.269,58.611000000000004,1910.2740000000001,465272.5008900004,747.7677000000001,1
2024-05-01 00:00:00,PLT_CAN,PLT_CAN_L03,MantenimientoPreventivoProgramado,2,10.692,92.31099999999999,1104.531,435460.1484400004,591.3548000000001,2
2024-05-01 00:00:00,PLT_CAN,PLT_CAN_L04,FalloTransportador,2,5.2620000000000005,51.497,1066.047,465272.5008900004,450.8026,3
2024-05-01 00:00:00,PLT_CAN,PLT_CAN_L01,MantenimientoPreventivoProgramado,1,6.368,73.652,853.771,505285.30792999995,420.3173,4
2024-05-01 00:00:00,PLT_CAN,PLT_CAN_L04,AnomaliaInstrumentacion,1,6.233,47.208,828.77,465272.5008900004,396.895,5
2024-05-01 00:00:00,PLT_CAN,PLT_CAN_L01,ParadaPlanificadaUtilidades,2,9.121,82.222,475.343,505285.30792999995,366.13390000000004,6
2024-05-01 00:00:00,PLT_CAN,PLT_CAN_L02,FalloQuemador,1,4.848,34.952,404.658,466792.0071599995,235.8334,7
2024-05-01 00:00:00,PLT_CAN,PLT_CAN_L03,CambioFormatoPlanificado,1,4.176,31.44,442.277,435460.1484400004,231.9231,8
2024-05-01 00:00:00,PLT_CAN,PLT_CAN_L01,InspeccionSeguridadReglamentaria,1,4.042,34.98,410.368,505285.30792999995,221.4404,9
2024-05-01 00:00:00,PLT_CAN,PLT_CAN_L02,InspeccionSeguridadReglamentaria,1,5.527,47.814,276.136,466792.0071599995,217.2878,10
2024-05-01 00:00:00,PLT_CAN,PLT_CAN_L04,CambioFormatoPlanificado,1,2.156,17.443,507.386,465272.5008900004,204.0573,11
2024-05-01 00:00:00,PLT_CAN,PLT_CAN_L01,InestabilidadTorque,1,0.78,6.332,543.603,505285.30792999995,181.84689999999998,12
2024-05-01 00:00:00,PLT_CAN,PLT_CAN_L02,TermoparDescalibrado,1,3.656,29.653,276.614,466792.0071599995,170.9307,13
2024-05-01 00:00:00,PLT_CAN,PLT_CAN_L03,FalloVision,1,1.225,8.166,266.062,435460.1484400004,108.4016,14
2024-05-01 00:00:00,PLT_CAN,PLT_CAN_L02,CaidaGasIndustrial,3,1.569,10.478,136.369,466792.0071599995,77.52969999999999,15
2025-11-01 00:00:00,PLT_CAN,PLT_CAN_L02,ParadaPlanificadaUtilidades,1,14.0,116.079,3115.465,431493.41071,1272.679,1
2025-11-01 00:00:00,PLT_CAN,PLT_CAN_L04,AnomaliaInstrumentacion,1,3.657,33.259,1948.85,436547.7652700004,674.4245,2
2025-11-01 00:00:00,PLT_CAN,PLT_CAN_L01,InestabilidadTorque,1,2.51,23.188,2011.781,476346.3670799994,665.3283,3
2025-11-01 00:00:00,PLT_CAN,PLT_CAN_L02,MantenimientoPreventivoProgramado,1,2.378,17.869,970.067,431493.41071,347.51460000000003,4
2025-11-01 00:00:00,PLT_CAN,PLT_CAN_L02,CurvaTermicaFueraBanda,2,3.787,27.08,747.248,431493.41071,313.4544,5
2025-11-01 00:00:00,PLT_CAN,PLT_CAN_L02,TermoparDescalibrado,1,1.559,12.986,868.484,431493.41071,298.2182,6
2025-11-01 00:00:00,PLT_CAN,PLT_CAN_L01,InspeccionSeguridadReglamentaria,1,6.715,71.4,287.079,476346.3670799994,256.1237,7
2025-11-01 00:00:00,PLT_CAN,PLT_CAN_L03,CambioFormatoPlanificado,1,1.2,8.486,234.078,408736.0508699999,98.4664,8
2025-11-01 00:00:00,PLT_CAN,PLT_CAN_L01,DesalineacionRodillos,2,1.6989999999999998,17.929000000000002,174.11599999999999,476346.3670799994,95.17929999999998,9
2025-11-01 00:00:00,PLT_CAN,PLT_CAN_L04,ErrorInspeccion,1,1.37,11.935,174.935,436547.7652700004,85.848,10
2025-11-01 00:00:00,PLT_CAN,PLT_CAN_L03,DefectoSuperficial,1,1.595,11.544,137.693,408736.0508699999,78.9799,11
2025-11-01 00:00:00,PLT_CAN,PLT_CAN_L01,AtascoMaterial,1,0.949,11.085,79.315,476346.3670799994,48.317,12
2025-11-01 00:00:00,PLT_CAN,PLT_CAN_L02,FalloQuemador,1,0.611,5.181,55.654,431493.41071,31.506700000000002,13
2024-10-01 00:00:00,PLT_ALA,PLT_ALA_L03,CambioFormatoPlanificado,1,11.582,92.404,4123.115,411844.21073999983,1514.7765,1
2024-10-01 00:00:00,PLT_ALA,PLT_ALA_L02,CurvaTermicaFueraBanda,2,6.589,47.381,2345.272,415242.6372800003,859.0521,2
2024-10-01 00:00:00,PLT_ALA,PLT_ALA_L01,InestabilidadTorque,1,4.286,37.174,2308.039,482628.2314100009,796.7187,3
2024-10-01 00:00:00,PLT_ALA,PLT_ALA_L03,FalloVision,2,7.808999999999999,64.89099999999999,1938.589,411844.21073999983,770.2022,4
2024-10-01 00:00:00,PLT_ALA,PLT_ALA_L03,MantenimientoPreventivoProgramado,2,9.416,75.80499999999999,773.645,411844.21073999983,458.31600000000003,5
2024-10-01 00:00:00,PLT_ALA,PLT_ALA_L01,DesalineacionRodillos,1,1.942,20.797,1215.364,482628.2314100009,413.84770000000003,6
2024-10-01 00:00:00,PLT_ALA,PLT_ALA_L01,FalloHidraulico,3,4.061999999999999,39.896,1026.705,482628.2314100009,409.19949999999994,7
2024-10-01 00:00:00,PLT_ALA,PLT_ALA_L01,AtascoMaterial,1,2.371,23.549,801.911,482628.2314100009,299.76779999999997,8
2024-10-01 00:00:00,PLT_ALA,PLT_ALA_L01,InspeccionSeguridadReglamentaria,1,2.955,22.446,335.713,482628.2314100009,171.0369,9
2024-10-01 00:00:00,PLT_ALA,PLT_ALA_L04,InspeccionSeguridadReglamentaria,1,2.709,21.385,342.043,437738.70477999985,167.4854,10
2024-10-01 00:00:00,PLT_ALA,PLT_ALA_L01,ParadaPlanificadaUtilidades,1,2.723,26.866,293.595,482628.2314100009,155.9715,11
2024-10-01 00:00:00,PLT_ALA,PLT_ALA_L03,InspeccionSeguridadReglamentaria,1,3.108,29.232,237.862,411844.21073999983,148.1346,12
2024-10-01 00:00:00,PLT_ALA,PLT_ALA_L02,TermoparDescalibrado,1,1.438,9.597,166.495,415242.6372800003,83.507,13
2024-10-01 00:00:00,PLT_ALA,PLT_ALA_L02,FalloQuemador,1,2.451,22.293,72.746,415242.6372800003,81.99029999999999,14
2024-10-01 00:00:00,PLT_ALA,PLT_ALA_L03,VariacionEspesor,1,0.784,6.179,83.426,411844.21073999983,43.7973,15
2024-10-01 00:00:00,PLT_ALA,PLT_ALA_L02,CaidaGasIndustrial,1,0.444,4.001,60.487,415242.6372800003,29.026600000000002,16
2025-03-01 00:00:00,PLT_ALA,PLT_ALA_L01,CambioFormatoPlanificado,1,6.483,55.066,4135.715,521690.1884100004,1397.9075,1
2025-03-01 00:00:00,PLT_ALA,PLT_ALA_L02,CurvaTermicaFueraBanda,2,9.819,75.94800000000001,1410.458,447100.38369000034,657.4914,2
2025-03-01 00:00:00,PLT_ALA,PLT_ALA_L04,ParadaPlanificadaUtilidades,1,9.647,98.738,1362.507,469794.3028000008,651.0611,3
2025-03-01 00:00:00,PLT_ALA,PLT_ALA_L03,FalloVision,3,9.039,76.968,1165.087,448296.4795899999,568.7900999999999,4
2025-03-01 00:00:00,PLT_ALA,PLT_ALA_L01,DesalineacionRodillos,1,4.054,33.107,1280.375,521690.1884100004,481.746,5
2025-03-01 00:00:00,PLT_ALA,PLT_ALA_L01,InestabilidadTorque,2,4.779999999999999,50.943,961.7139999999999,521690.1884100004,409.5857,6
2025-03-01 00:00:00,PLT_ALA,PLT_ALA_L04,ErrorInspeccion,1,5.002,56.339,702.681,469794.3028000008,339.0138,7
2025-03-01 00:00:00,PLT_ALA,PLT_ALA_L03,MantenimientoPreventivoProgramado,1,5.156,49.756,372.881,448296.4795899999,239.8623,8
2025-03-01 00:00:00,PLT_ALA,PLT_ALA_L02,FalloQuemador,1,2.763,21.473,571.622,447100.38369000034,237.48309999999998,9
2025-03-01 00:00:00,PLT_ALA,PLT_ALA_L02,ParadaPlanificadaUtilidades,1,3.452,30.608,174.319,447100.38369000034,136.6397,10
2025-03-01 00:00:00,PLT_ALA,PLT_ALA_L02,MantenimientoPreventivoProgramado,1,3.003,20.155,168.422,447100.38369000034,120.66409999999999,11
2025-03-01 00:00:00,PLT_ALA,PLT_ALA_L02,TermoparDescalibrado,1,1.834,15.309,165.87,447100.38369000034,94.0955,12
2025-03-01 00:00:00,PLT_ALA,PLT_ALA_L03,VariacionEspesor,1,0.75,5.68,244.577,448296.4795899999,91.2131,13
2025-03-01 00:00:00,PLT_ALA,PLT_ALA_L03,BloqueoManipulador,1,1.717,15.511,129.068,448296.4795899999,80.8159,14
2025-04-01 00:00:00,PLT_CAN,PLT_CAN_L03,FalloVision,1,3.99,29.783,1815.087,427809.09445,639.2176,1
2025-04-01 00:00:00,PLT_CAN,PLT_CAN_L02,CurvaTermicaFueraBanda,1,7.47,60.492,859.509,456011.56534999964,437.4987,2
2025-04-01 00:00:00,PLT_CAN,PLT_CAN_L04,FalloTransportador,1,3.601,31.109,977.92,459304.92755999987,380.95050000000003,3
2025-04-01 00:00:00,PLT_CAN,PLT_CAN_L02,MantenimientoPreventivoProgramado,1,7.964,66.124,481.907,456011.56534999964,336.9141,4
2025-04-01 00:00:00,PLT_CAN,PLT_CAN_L03,MantenimientoPreventivoProgramado,1,7.761,52.533,394.413,427809.09445,299.81039999999996,5
2025-04-01 00:00:00,PLT_CAN,PLT_CAN_L01,InestabilidadTorque,2,5.253,51.635,263.053,501329.1035000002,209.7934,6
2025-04-01 00:00:00,PLT_CAN,PLT_CAN_L04,CambioFormatoPlanificado,1,2.718,21.005,408.247,459304.92755999987,187.33659999999998,7
2025-04-01 00:00:00,PLT_CAN,PLT_CAN_L02,TermoparDescalibrado,1,3.967,30.982,223.211,456011.56534999964,161.79430000000002,8
2025-04-01 00:00:00,PLT_CAN,PLT_CAN_L04,NoConformidadLote,1,1.262,11.288,336.108,459304.92755999987,131.7164,9
2025-04-01 00:00:00,PLT_CAN,PLT_CAN_L01,AtascoMaterial,2,3.049,33.014,146.58100000000002,501329.1035000002,121.46130000000001,10
2025-04-01 00:00:00,PLT_CAN,PLT_CAN_L04,AnomaliaInstrumentacion,1,0.548,4.103,112.28,459304.92755999987,46.695499999999996,11
2025-04-01 00:00:00,PLT_CAN,PLT_CAN_L01,DesalineacionRodillos,1,0.35,3.459,72.182,501329.1035000002,30.3841,12
2025-07-01 00:00:00,PLT_ALA,PLT_ALA_L01,CambioFormatoPlanificado,3,20.698,186.406,6490.834,467890.8463299996,2454.4132,1
2025-07-01 00:00:00,PLT_ALA,PLT_ALA_L01,FalloHidraulico,3,8.441,80.746,5570.532,467890.8463299996,1880.3526,2
2025-07-01 00:00:00,PLT_ALA,PLT_ALA_L01,MantenimientoPreventivoProgramado,2,8.616,71.144,3694.956,467890.8463299996,1316.3787999999997,3
2025-07-01 00:00:00,PLT_ALA,PLT_ALA_L04,CambioFormatoPlanificado,2,6.359,61.792,3778.31,430817.0584099996,1291.569,4
2025-07-01 00:00:00,PLT_ALA,PLT_ALA_L01,ParadaPlanificadaUtilidades,1,3.695,40.067,1281.814,467890.8463299996,478.4777,5
2025-07-01 00:00:00,PLT_ALA,PLT_ALA_L02,InspeccionSeguridadReglamentaria,2,7.773,52.547,939.066,407699.79456,463.4533,6
2025-07-01 00:00:00,PLT_ALA,PLT_ALA_L01,InspeccionSeguridadReglamentaria,1,2.025,18.362,1301.632,467890.8463299996,440.1706,7
2025-07-01 00:00:00,PLT_ALA,PLT_ALA_L01,DesalineacionRodillos,3,5.718,54.724000000000004,749.529,467890.8463299996,366.5807,8
2025-07-01 00:00:00,PLT_ALA,PLT_ALA_L02,TermoparDescalibrado,1,4.484,30.967,686.774,407699.79456,311.1957,9
2025-07-01 00:00:00,PLT_ALA,PLT_ALA_L03,BloqueoManipulador,2,3.205,26.026,558.783,411772.6785399998,244.7479,10
2025-07-01 00:00:00,PLT_ALA,PLT_ALA_L04,ErrorInspeccion,1,2.828,28.18,495.523,430817.0584099996,219.3069,11
2025-07-01 00:00:00,PLT_ALA,PLT_ALA_L04,FalloTransportador,2,2.867,26.839,403.476,430817.0584099996,191.8023,12
2025-07-01 00:00:00,PLT_ALA,PLT_ALA_L03,FalloVision,1,0.866,6.419,417.425,411772.6785399998,145.75699999999998,13
2025-07-01 00:00:00,PLT_ALA,PLT_ALA_L03,ParadaPlanificadaUtilidades,1,2.662,21.038,225.268,411772.6785399998,131.3394,14
2025-07-01 00:00:00,PLT_ALA,PLT_ALA_L01,InestabilidadTorque,1,1.794,15.984,271.66,467890.8463299996,125.37,15
2025-07-01 00:00:00,PLT_ALA,PLT_ALA_L02,MantenimientoPreventivoProgramado,1,1.986,17.105,241.069,407699.79456,120.59319999999998,16
2025-07-01 00:00:00,PLT_ALA,PLT_ALA_L02,CaidaGasIndustrial,2,1.917,13.197,144.149,407699.79456,88.1832,17
2024-07-01 00:00:00,PLT_BIZ,PLT_BIZ_L04,MantenimientoPreventivoProgramado,1,7.648,85.395,1602.933,451130.8836300003,676.5374,1
2024-07-01 00:00:00,PLT_BIZ,PLT_BIZ_L04,NoConformidadLote,3,10.745999999999999,121.70899999999999,781.514,451130.8836300003,510.2287,2
2024-07-01 00:00:00,PLT_BIZ,PLT_BIZ_L03,FalloVision,2,3.678,27.999,1021.65,420697.4780600003,394.0545,3
2024-07-01 00:00:00,PLT_BIZ,PLT_BIZ_L04,ParadaPlanificadaUtilidades,1,5.557,63.978,810.899,451130.8836300003,386.39869999999996,4
2024-07-01 00:00:00,PLT_BIZ,PLT_BIZ_L02,InspeccionSeguridadReglamentaria,1,4.996,32.323,733.396,395693.96688000025,336.10029999999995,5
2024-07-01 00:00:00,PLT_BIZ,PLT_BIZ_L04,CambioFormatoPlanificado,1,2.634,27.521,810.276,451130.8836300003,309.52329999999995,6
2024-07-01 00:00:00,PLT_BIZ,PLT_BIZ_L02,ParadaPlanificadaUtilidades,1,7.59,37.401,401.25,395693.96688000025,290.8755,7
2024-07-01 00:00:00,PLT_BIZ,PLT_BIZ_L01,InspeccionSeguridadReglamentaria,1,4.22,35.773,620.35,452448.40760000027,288.3915,8
2024-07-01 00:00:00,PLT_BIZ,PLT_BIZ_L01,AtascoMaterial,2,5.835,50.891999999999996,378.56100000000004,452448.40760000027,255.71429999999998,9
2024-07-01 00:00:00,PLT_BIZ,PLT_BIZ_L01,FalloHidraulico,1,2.802,22.359,393.137,452448.40760000027,185.1606,10
2024-07-01 00:00:00,PLT_BIZ,PLT_BIZ_L04,ErrorInspeccion,1,1.505,17.45,105.899,451130.8836300003,70.5947,11
2024-07-01 00:00:00,PLT_BIZ,PLT_BIZ_L02,FalloQuemador,1,0.655,4.195,58.873,395693.96688000025,32.8594,12
2024-07-01 00:00:00,PLT_BIZ,PLT_BIZ_L02,CurvaTermicaFueraBanda,1,0.35,1.861,47.024,395693.96688000025,22.0377,13
2024-09-01 00:00:00,PLT_ALA,PLT_ALA_L01,DesalineacionRodillos,2,7.047000000000001,60.228,2582.5789999999997,463414.3521300004,945.8276999999999,1
2024-09-01 00:00:00,PLT_ALA,PLT_ALA_L01,AtascoMaterial,1,2.997,30.241,2422.551,463414.3521300004,801.8258,2
2024-09-01 00:00:00,PLT_ALA,PLT_ALA_L01,ParadaPlanificadaUtilidades,1,9.689,96.728,1292.399,463414.3521300004,629.8636999999999,3
2024-09-01 00:00:00,PLT_ALA,PLT_ALA_L04,NoConformidadLote,1,8.735,69.965,894.55,417495.07807999966,478.04749999999996,4
2024-09-01 00:00:00,PLT_ALA,PLT_ALA_L04,InspeccionSeguridadReglamentaria,1,5.326,40.808,983.101,417495.07807999966,421.85429999999997,5
2024-09-01 00:00:00,PLT_ALA,PLT_ALA_L03,InspeccionSeguridadReglamentaria,1,9.89,93.379,510.161,396764.0613399999,397.5378,6
2024-09-01 00:00:00,PLT_ALA,PLT_ALA_L03,VariacionEspesor,2,4.5329999999999995,45.822,822.794,396764.0613399999,360.40919999999994,7
2024-09-01 00:00:00,PLT_ALA,PLT_ALA_L02,MantenimientoPreventivoProgramado,1,6.464,56.394,642.878,398577.0909999998,350.34040000000005,8
2024-09-01 00:00:00,PLT_ALA,PLT_ALA_L02,TermoparDescalibrado,3,5.409,43.004000000000005,535.594,398577.0909999998,290.3602,9
2024-09-01 00:00:00,PLT_ALA,PLT_ALA_L03,BloqueoManipulador,2,5.755,46.458,489.934,396764.0613399999,285.30920000000003,10
2024-09-01 00:00:00,PLT_ALA,PLT_ALA_L03,FalloVision,1,2.404,24.108,491.195,396764.0613399999,207.4925,11
2024-09-01 00:00:00,PLT_ALA,PLT_ALA_L02,CurvaTermicaFueraBanda,2,2.0149999999999997,13.815000000000001,262.091,398577.0909999998,125.8348,12
2024-09-01 00:00:00,PLT_ALA,PLT_ALA_L02,ParadaPlanificadaUtilidades,1,1.826,16.018,91.702,398577.0909999998,72.03960000000001,13
2024-09-01 00:00:00,PLT_ALA,PLT_ALA_L03,DefectoSuperficial,1,1.326,12.264,118.518,396764.0613399999,68.2074,14
2024-09-01 00:00:00,PLT_ALA,PLT_ALA_L02,CaidaGasIndustrial,1,0.673,4.962,154.449,398577.0909999998,62.27570000000001,15
2024-09-01 00:00:00,PLT_ALA,PLT_ALA_L04,ErrorInspeccion,1,0.539,4.66,66.288,417495.07807999966,32.9964,16
2025-01-01 00:00:00,PLT_ALA,PLT_ALA_L01,InspeccionSeguridadReglamentaria,1,8.686,75.363,2991.181,559573.4440100001,1108.7558,1
2025-01-01 00:00:00,PLT_ALA,PLT_ALA_L03,ParadaPlanificadaUtilidades,1,12.704,90.356,2017.704,480010.4571399992,904.5692,2
2025-01-01 00:00:00,PLT_ALA,PLT_ALA_L02,TermoparDescalibrado,1,5.572,39.672,576.741,484637.1525199997,304.2983,3
2025-01-01 00:00:00,PLT_ALA,PLT_ALA_L01,DesalineacionRodillos,1,5.778,57.894,431.383,559573.4440100001,273.9219,4
2025-01-01 00:00:00,PLT_ALA,PLT_ALA_L04,CambioFormatoPlanificado,1,3.271,36.09,389.595,506315.27991000074,200.3435,5
2025-01-01 00:00:00,PLT_ALA,PLT_ALA_L03,BloqueoManipulador,2,3.451,28.339,365.542,480010.4571399992,192.8521,6
2025-01-01 00:00:00,PLT_ALA,PLT_ALA_L03,FalloVision,2,2.346,20.458,300.098,480010.4571399992,147.1784,7
2025-01-01 00:00:00,PLT_ALA,PLT_ALA_L03,VariacionEspesor,1,0.704,6.842,250.838,480010.4571399992,92.7524,8
2025-01-01 00:00:00,PLT_ALA,PLT_ALA_L02,CaidaGasIndustrial,1,0.874,7.432,125.157,484637.1525199997,58.7431,9
2025-02-01 00:00:00,PLT_BIZ,PLT_BIZ_L01,DesalineacionRodillos,3,7.843,75.904,1173.6290000000001,479191.0502899994,546.9007,1
2025-02-01 00:00:00,PLT_BIZ,PLT_BIZ_L01,MantenimientoPreventivoProgramado,1,5.603,49.415,832.911,479191.0502899994,386.64079999999996,2
2025-02-01 00:00:00,PLT_BIZ,PLT_BIZ_L02,FalloQuemador,1,1.443,7.179,611.811,432680.5160600004,215.99280000000002,3
2025-02-01 00:00:00,PLT_BIZ,PLT_BIZ_L01,ParadaPlanificadaUtilidades,2,4.069,34.098,261.061,479191.0502899994,176.7473,4
2025-02-01 00:00:00,PLT_BIZ,PLT_BIZ_L04,NoConformidadLote,1,3.69,41.475,134.249,488724.5002399998,134.8122,5
2025-02-01 00:00:00,PLT_BIZ,PLT_BIZ_L02,CaidaGasIndustrial,1,2.404,12.236,241.383,432680.5160600004,126.6129,6
2025-02-01 00:00:00,PLT_BIZ,PLT_BIZ_L01,FalloHidraulico,1,1.143,9.005,181.314,479191.0502899994,81.7567,7
2025-02-01 00:00:00,PLT_BIZ,PLT_BIZ_L02,TermoparDescalibrado,1,0.474,2.293,30.178,432680.5160600004,19.6799,8
2025-06-01 00:00:00,PLT_BIZ,PLT_BIZ_L02,CurvaTermicaFueraBanda,3,9.923,65.458,1821.694,415968.6923399998,777.6972000000001,1
2025-06-01 00:00:00,PLT_BIZ,PLT_BIZ_L03,FalloVision,1,3.551,29.734,1802.392,439967.0355,626.6045999999999,2
2025-06-01 00:00:00,PLT_BIZ,PLT_BIZ_L02,FalloQuemador,2,10.614,71.79599999999999,1251.8349999999998,415968.6923399998,623.7284999999999,3
2025-06-01 00:00:00,PLT_BIZ,PLT_BIZ_L02,CaidaGasIndustrial,1,3.316,22.042,740.385,415968.6923399998,299.4565,4
2025-06-01 00:00:00,PLT_BIZ,PLT_BIZ_L03,VariacionEspesor,1,5.338,35.238,539.942,439967.0355,286.3616,5
2025-06-01 00:00:00,PLT_BIZ,PLT_BIZ_L02,InspeccionSeguridadReglamentaria,1,3.238,19.422,633.506,415968.6923399998,264.5228,6
2025-06-01 00:00:00,PLT_BIZ,PLT_BIZ_L01,DesalineacionRodillos,2,4.663,36.489,349.873,474202.1302199994,216.46640000000002,7
2025-06-01 00:00:00,PLT_BIZ,PLT_BIZ_L02,TermoparDescalibrado,1,1.552,10.358,594.698,415968.6923399998,214.62839999999997,8
2025-06-01 00:00:00,PLT_BIZ,PLT_BIZ_L04,FalloTransportador,3,3.936,41.215,310.628,478585.5880299995,192.5159,9
2025-06-01 00:00:00,PLT_BIZ,PLT_BIZ_L01,FalloHidraulico,1,2.785,27.238,402.559,474202.1302199994,190.0867,10
2025-06-01 00:00:00,PLT_BIZ,PLT_BIZ_L03,CambioFormatoPlanificado,1,2.38,21.375,290.482,439967.0355,145.4321,11
2025-06-01 00:00:00,PLT_BIZ,PLT_BIZ_L04,NoConformidadLote,1,2.409,27.059,189.947,478585.5880299995,118.6936,12
2025-06-01 00:00:00,PLT_BIZ,PLT_BIZ_L04,AnomaliaInstrumentacion,2,0.7,6.872999999999999,82.463,478585.5880299995,42.175399999999996,13
2025-06-01 00:00:00,PLT_BIZ,PLT_BIZ_L01,InestabilidadTorque,1,0.463,3.24,63.895,474202.1302199994,30.048500000000004,14
2025-08-01 00:00:00,PLT_CAN,PLT_CAN_L04,NoConformidadLote,3,9.004999999999999,84.002,1026.785,420625.06196000066,530.1365,1
2025-08-01 00:00:00,PLT_CAN,PLT_CAN_L03,ParadaPlanificadaUtilidades,2,6.351,50.204,1070.27,393115.3771700012,473.2029999999999,2
2025-08-01 00:00:00,PLT_CAN,PLT_CAN_L01,CambioFormatoPlanificado,1,2.383,24.933,1349.142,463901.5770799998,464.8691,3
2025-08-01 00:00:00,PLT_CAN,PLT_CAN_L01,FalloHidraulico,3,9.187000000000001,99.088,743.954,463901.5770799998,456.4702,4
2025-08-01 00:00:00,PLT_CAN,PLT_CAN_L02,TermoparDescalibrado,1,2.153,17.277,1192.692,423713.4378300001,409.5061,5
2025-08-01 00:00:00,PLT_CAN,PLT_CAN_L01,AtascoMaterial,1,3.008,29.123,259.126,463901.5770799998,152.45929999999998,6
2025-08-01 00:00:00,PLT_CAN,PLT_CAN_L02,CurvaTermicaFueraBanda,1,3.034,25.676,213.302,423713.4378300001,137.5086,7
2025-08-01 00:00:00,PLT_CAN,PLT_CAN_L03,VariacionEspesor,1,2.215,21.271,111.237,393115.3771700012,88.3066,8
2025-08-01 00:00:00,PLT_CAN,PLT_CAN_L03,FalloVision,1,1.798,13.406,130.376,393115.3771700012,81.7758,9
2025-08-01 00:00:00,PLT_CAN,PLT_CAN_L03,CambioFormatoPlanificado,1,1.57,12.404,114.348,393115.3771700012,71.9064,10
2025-08-01 00:00:00,PLT_CAN,PLT_CAN_L04,AnomaliaInstrumentacion,1,0.952,8.84,97.309,420625.06196000066,52.652699999999996,11
2025-08-01 00:00:00,PLT_CAN,PLT_CAN_L03,BloqueoManipulador,1,0.818,6.243,84.14,393115.3771700012,44.7235,12
2025-12-01 00:00:00,PLT_BIZ,PLT_BIZ_L04,AnomaliaInstrumentacion,1,6.233,57.185,1828.156,528519.7178200001,701.6992999999999,1
2025-12-01 00:00:00,PLT_BIZ,PLT_BIZ_L02,MantenimientoPreventivoProgramado,1,3.434,22.822,2058.091,470150.98971,697.5183,2
2025-12-01 00:00:00,PLT_BIZ,PLT_BIZ_L04,NoConformidadLote,3,3.087,31.026,1479.455,528519.7178200001,521.0894999999999,3
2025-12-01 00:00:00,PLT_BIZ,PLT_BIZ_L03,InspeccionSeguridadReglamentaria,1,3.469,32.618,988.871,490684.6940100001,382.3503,4
2025-12-01 00:00:00,PLT_BIZ,PLT_BIZ_L02,CambioFormatoPlanificado,1,5.886,37.943,795.496,470150.98971,375.34029999999996,5
2025-12-01 00:00:00,PLT_BIZ,PLT_BIZ_L03,VariacionEspesor,2,5.568,52.708,572.394,490684.6940100001,309.43219999999997,6
2025-12-01 00:00:00,PLT_BIZ,PLT_BIZ_L01,AtascoMaterial,1,4.931,38.901,368.968,522995.7148000009,228.7609,7
2025-12-01 00:00:00,PLT_BIZ,PLT_BIZ_L01,DesalineacionRodillos,1,2.563,22.067,263.618,522995.7148000009,141.3789,8
2025-12-01 00:00:00,PLT_BIZ,PLT_BIZ_L02,CurvaTermicaFueraBanda,1,1.139,6.147,336.721,470150.98971,126.8698,9
2025-12-01 00:00:00,PLT_BIZ,PLT_BIZ_L02,TermoparDescalibrado,1,2.002,13.436,199.025,470150.98971,106.46549999999999,10
2025-12-01 00:00:00,PLT_BIZ,PLT_BIZ_L01,CambioFormatoPlanificado,1,2.155,15.809,165.195,522995.7148000009,100.56299999999999,11
2025-12-01 00:00:00,PLT_BIZ,PLT_BIZ_L04,ErrorInspeccion,1,1.707,19.459,136.466,528519.7178200001,84.80930000000001,12
2025-12-01 00:00:00,PLT_BIZ,PLT_BIZ_L02,FalloQuemador,1,1.671,9.1,116.336,470150.98971,72.8708,13
2024-09-01 00:00:00,PLT_CAN,PLT_CAN_L01,InspeccionSeguridadReglamentaria,1,14.0,123.71,3178.114,456230.63910999894,1295.2892,1
2024-09-01 00:00:00,PLT_CAN,PLT_CAN_L04,AnomaliaInstrumentacion,4,8.539,76.895,2810.032,421802.5493500002,1052.2371,2
2024-09-01 00:00:00,PLT_CAN,PLT_CAN_L03,FalloVision,3,5.509,49.342999999999996,1819.971,394924.6885600008,680.8428000000001,3
2024-09-01 00:00:00,PLT_CAN,PLT_CAN_L02,CaidaGasIndustrial,3,7.036999999999999,53.628,1209.866,420778.2987399998,530.5138,4
2024-09-01 00:00:00,PLT_CAN,PLT_CAN_L01,FalloHidraulico,2,3.952,40.283,390.36400000000003,456230.63910999894,216.2907,5
2024-09-01 00:00:00,PLT_CAN,PLT_CAN_L03,CambioFormatoPlanificado,1,2.809,22.316,461.965,394924.6885600008,205.92749999999998,6
2024-09-01 00:00:00,PLT_CAN,PLT_CAN_L02,TermoparDescalibrado,2,4.366,31.099,308.637,420778.2987399998,195.4606,7
2024-09-01 00:00:00,PLT_CAN,PLT_CAN_L01,DesalineacionRodillos,2,3.101,30.109,205.918,456230.63910999894,138.8499,8
2024-09-01 00:00:00,PLT_CAN,PLT_CAN_L04,ParadaPlanificadaUtilidades,1,2.713,24.355,125.543,421802.5493500002,104.10040000000001,9
2024-09-01 00:00:00,PLT_CAN,PLT_CAN_L02,ParadaPlanificadaUtilidades,1,2.449,15.008,93.652,420778.2987399998,84.5796,10
2024-09-01 00:00:00,PLT_CAN,PLT_CAN_L03,DefectoSuperficial,1,0.35,3.273,101.004,394924.6885600008,38.9377,11
2024-09-01 00:00:00,PLT_CAN,PLT_CAN_L01,InestabilidadTorque,1,0.8,7.396,42.857,456230.63910999894,32.5551,12
2024-09-01 00:00:00,PLT_CAN,PLT_CAN_L02,CurvaTermicaFueraBanda,1,0.35,2.791,24.467,420778.2987399998,15.735599999999998,13
2025-01-01 00:00:00,PLT_CAN,PLT_CAN_L01,ParadaPlanificadaUtilidades,1,3.953,42.049,2527.527,550408.0486600003,858.3426,1
2025-01-01 00:00:00,PLT_CAN,PLT_CAN_L02,CaidaGasIndustrial,2,4.579,38.836,1527.6709999999998,505514.6212000008,569.2992999999999,2
2025-01-01 00:00:00,PLT_CAN,PLT_CAN_L02,CurvaTermicaFueraBanda,1,2.386,15.891,1150.627,505514.6212000008,400.8536,3
2025-01-01 00:00:00,PLT_CAN,PLT_CAN_L02,ParadaPlanificadaUtilidades,1,3.147,27.197,552.794,505514.6212000008,242.3767,4
2025-01-01 00:00:00,PLT_CAN,PLT_CAN_L01,FalloHidraulico,1,1.764,18.399,496.985,550408.0486600003,193.575,5
2025-01-01 00:00:00,PLT_CAN,PLT_CAN_L03,DefectoSuperficial,2,3.721,29.492,295.03000000000003,476150.7836999998,177.675,6
2025-01-01 00:00:00,PLT_CAN,PLT_CAN_L03,BloqueoManipulador,1,3.096,30.359,283.034,476150.7836999998,162.0097,7
2025-01-01 00:00:00,PLT_CAN,PLT_CAN_L04,AnomaliaInstrumentacion,2,2.313,21.437,333.8,512306.8170400007,157.1185,8
2025-01-01 00:00:00,PLT_CAN,PLT_CAN_L02,FalloQuemador,1,2.315,14.572,276.667,505514.6212000008,136.5861,9
2025-01-01 00:00:00,PLT_CAN,PLT_CAN_L01,DesalineacionRodillos,1,0.883,8.247,174.823,550408.0486600003,74.2304,10
2025-01-01 00:00:00,PLT_CAN,PLT_CAN_L03,FalloVision,1,1.88,12.942,73.123,476150.7836999998,66.0079,11
2025-01-01 00:00:00,PLT_CAN,PLT_CAN_L04,ErrorInspeccion,1,1.123,11.604,123.654,512306.8170400007,65.3582,12
2025-01-01 00:00:00,PLT_CAN,PLT_CAN_L01,InestabilidadTorque,1,0.612,6.684,122.704,550408.0486600003,52.3932,13
2025-08-01 00:00:00,PLT_ALA,PLT_ALA_L04,NoConformidadLote,2,6.146,56.730000000000004,1983.882,421460.61340999964,746.4495999999999,1
2025-08-01 00:00:00,PLT_ALA,PLT_ALA_L03,BloqueoManipulador,3,9.721,74.099,1401.032,401924.90187999967,651.7791,2
2025-08-01 00:00:00,PLT_ALA,PLT_ALA_L03,InspeccionSeguridadReglamentaria,1,3.332,28.288,1731.816,401924.90187999967,600.3288,3
2025-08-01 00:00:00,PLT_ALA,PLT_ALA_L01,MantenimientoPreventivoProgramado,2,5.65,51.934,1339.204,468538.5327699998,540.7282,4
2025-08-01 00:00:00,PLT_ALA,PLT_ALA_L01,FalloHidraulico,2,3.7199999999999998,35.444,1320.7450000000001,468538.5327699998,488.3455,5
2025-08-01 00:00:00,PLT_ALA,PLT_ALA_L02,TermoparDescalibrado,1,4.776,31.334,572.474,398842.41329000005,282.92920000000004,6
2025-08-01 00:00:00,PLT_ALA,PLT_ALA_L01,AtascoMaterial,1,3.145,26.377,594.807,468538.5327699998,254.53060000000002,7
2025-08-01 00:00:00,PLT_ALA,PLT_ALA_L04,AnomaliaInstrumentacion,1,3.218,29.58,557.79,421460.61340999964,246.48699999999997,8
2025-08-01 00:00:00,PLT_ALA,PLT_ALA_L02,CurvaTermicaFueraBanda,2,4.2219999999999995,28.867,283.904,398842.41329000005,184.04469999999998,9
2025-08-01 00:00:00,PLT_ALA,PLT_ALA_L03,DefectoSuperficial,1,1.092,7.838,372.883,401924.90187999967,137.6239,10
2025-08-01 00:00:00,PLT_ALA,PLT_ALA_L02,CaidaGasIndustrial,1,1.636,14.369,167.989,398842.41329000005,90.3012,11
2025-08-01 00:00:00,PLT_ALA,PLT_ALA_L04,ErrorInspeccion,1,0.656,5.787,67.687,421460.61340999964,36.319599999999994,12
2024-01-01 00:00:00,PLT_CAN,PLT_CAN_L01,InestabilidadTorque,1,6.904,67.622,3558.962,538840.3423000004,1239.5795999999998,1
2024-01-01 00:00:00,PLT_CAN,PLT_CAN_L03,FalloVision,2,6.367000000000001,57.422000000000004,607.073,470347.04882999946,338.1729,2
2024-01-01 00:00:00,PLT_CAN,PLT_CAN_L02,TermoparDescalibrado,1,2.977,18.566,877.026,502058.99350000045,331.93080000000003,3
2024-01-01 00:00:00,PLT_CAN,PLT_CAN_L04,FalloTransportador,2,5.588,47.875,649.059,503794.90171999927,330.4152,4
2024-01-01 00:00:00,PLT_CAN,PLT_CAN_L04,AnomaliaInstrumentacion,1,4.542,45.782,685.063,503794.90171999927,319.2499,5
2024-01-01 00:00:00,PLT_CAN,PLT_CAN_L04,ErrorInspeccion,1,3.435,24.385,682.828,503794.90171999927,285.7409,6
2024-01-01 00:00:00,PLT_CAN,PLT_CAN_L04,CambioFormatoPlanificado,1,1.956,15.602,248.979,503794.90171999927,121.6147,7
2024-01-01 00:00:00,PLT_CAN,PLT_CAN_L02,InspeccionSeguridadReglamentaria,1,1.2,10.372,252.193,502058.99350000045,104.84389999999999,8
2024-01-01 00:00:00,PLT_CAN,PLT_CAN_L03,VariacionEspesor,1,1.337,9.072,212.706,470347.04882999946,95.08779999999999,9
2024-01-01 00:00:00,PLT_CAN,PLT_CAN_L01,CambioFormatoPlanificado,1,1.967,16.628,153.638,538840.3423000004,93.7454,10
2024-01-01 00:00:00,PLT_CAN,PLT_CAN_L03,BloqueoManipulador,1,2.068,15.44,133.908,470347.04882999946,89.2524,11
2024-01-01 00:00:00,PLT_CAN,PLT_CAN_L02,CaidaGasIndustrial,1,0.945,7.873,133.281,502058.99350000045,62.8208,12
2024-01-01 00:00:00,PLT_CAN,PLT_CAN_L02,CurvaTermicaFueraBanda,1,0.674,4.086,141.152,502058.99350000045,57.8686,13
2024-01-01 00:00:00,PLT_CAN,PLT_CAN_L01,FalloHidraulico,1,0.814,8.126,64.358,538840.3423000004,39.650400000000005,14
2024-02-01 00:00:00,PLT_CAN,PLT_CAN_L03,VariacionEspesor,4,10.152,83.73400000000001,2555.023,441833.8415799994,1011.4138999999999,1
2024-02-01 00:00:00,PLT_CAN,PLT_CAN_L03,DefectoSuperficial,2,5.6370000000000005,47.974000000000004,2263.966,441833.8415799994,815.9168,2
2024-02-01 00:00:00,PLT_CAN,PLT_CAN_L04,ParadaPlanificadaUtilidades,1,7.4,73.816,775.472,476735.45153000025,417.54960000000005,3
2024-02-01 00:00:00,PLT_CAN,PLT_CAN_L02,MantenimientoPreventivoProgramado,1,10.475,73.591,461.708,470835.26111999946,384.8079,4
2024-02-01 00:00:00,PLT_CAN,PLT_CAN_L02,TermoparDescalibrado,2,1.649,11.675999999999998,845.413,470835.26111999946,292.44190000000003,5
2024-02-01 00:00:00,PLT_CAN,PLT_CAN_L04,CambioFormatoPlanificado,1,2.737,21.538,610.275,476735.45153000025,248.5915,6
2024-02-01 00:00:00,PLT_CAN,PLT_CAN_L02,CaidaGasIndustrial,4,3.2720000000000002,23.006,510.576,470835.26111999946,230.11579999999998,7
2024-02-01 00:00:00,PLT_CAN,PLT_CAN_L01,MantenimientoPreventivoProgramado,1,5.019,51.661,286.792,508942.39504999993,212.24809999999997,8
2024-02-01 00:00:00,PLT_CAN,PLT_CAN_L01,ParadaPlanificadaUtilidades,1,2.846,29.476,184.877,508942.39504999993,127.1211,9
2024-02-01 00:00:00,PLT_CAN,PLT_CAN_L02,CurvaTermicaFueraBanda,1,2.371,16.557,220.071,470835.26111999946,121.71979999999999,10
2024-02-01 00:00:00,PLT_CAN,PLT_CAN_L01,DesalineacionRodillos,1,1.664,18.745,167.054,508942.39504999993,92.7687,11
2024-08-01 00:00:00,PLT_CAN,PLT_CAN_L03,ParadaPlanificadaUtilidades,1,14.0,121.188,1368.562,385581.71371000045,751.1625999999999,1
2024-08-01 00:00:00,PLT_CAN,PLT_CAN_L04,FalloTransportador,1,6.69,48.079,1446.859,414100.7821300008,591.8971999999999,2
2024-08-01 00:00:00,PLT_CAN,PLT_CAN_L03,DefectoSuperficial,2,8.126,71.80799999999999,1123.9070000000002,385581.71371000045,535.5961000000001,3
2024-08-01 00:00:00,PLT_CAN,PLT_CAN_L01,FalloHidraulico,2,4.654,49.081,1146.059,451948.6175700003,461.43820000000005,4
2024-08-01 00:00:00,PLT_CAN,PLT_CAN_L02,TermoparDescalibrado,4,6.831,47.24000000000001,750.261,418180.4409699989,385.3183,5
2024-08-01 00:00:00,PLT_CAN,PLT_CAN_L04,ErrorInspeccion,2,3.848,30.231,903.4820000000001,414100.7821300008,363.1201,6
2024-08-01 00:00:00,PLT_CAN,PLT_CAN_L01,CambioFormatoPlanificado,1,6.246,58.032,660.612,451948.6175700003,352.1196,7
2024-08-01 00:00:00,PLT_CAN,PLT_CAN_L01,AtascoMaterial,1,7.977,85.217,483.421,451948.6175700003,347.1748,8
2024-08-01 00:00:00,PLT_CAN,PLT_CAN_L01,InestabilidadTorque,1,1.035,9.681,685.732,451948.6175700003,231.26009999999997,9
2024-08-01 00:00:00,PLT_CAN,PLT_CAN_L04,ParadaPlanificadaUtilidades,1,5.02,46.796,316.021,414100.7821300008,218.60430000000002,10
2024-08-01 00:00:00,PLT_CAN,PLT_CAN_L01,ParadaPlanificadaUtilidades,1,2.558,20.603,212.786,451948.6175700003,125.29729999999999,11
2024-08-01 00:00:00,PLT_CAN,PLT_CAN_L02,CurvaTermicaFueraBanda,1,2.778,23.47,83.607,418180.4409699989,92.37709999999998,12
2024-08-01 00:00:00,PLT_CAN,PLT_CAN_L02,FalloQuemador,1,0.35,2.152,29.011,418180.4409699989,16.7793,13
2025-10-01 00:00:00,PLT_CAN,PLT_CAN_L01,FalloHidraulico,2,10.937999999999999,105.72999999999999,6737.954,478003.95315999974,2293.0112,1
2025-10-01 00:00:00,PLT_CAN,PLT_CAN_L04,InspeccionSeguridadReglamentaria,3,14.858,133.08,3771.452,438729.95296999987,1495.1356,2
2025-10-01 00:00:00,PLT_CAN,PLT_CAN_L03,ParadaPlanificadaUtilidades,2,11.679,85.602,1814.543,411555.4512800007,820.7439,3
2025-10-01 00:00:00,PLT_CAN,PLT_CAN_L04,AnomaliaInstrumentacion,2,5.643,53.354,603.387,438729.95296999987,320.5531,4
2025-10-01 00:00:00,PLT_CAN,PLT_CAN_L02,CaidaGasIndustrial,1,3.132,22.233,797.024,442067.9573500005,312.8637,5
2025-10-01 00:00:00,PLT_CAN,PLT_CAN_L01,AtascoMaterial,2,4.401,50.014,343.044,478003.95315999974,215.9402,6
2025-10-01 00:00:00,PLT_CAN,PLT_CAN_L01,InspeccionSeguridadReglamentaria,1,3.378,28.365,311.178,478003.95315999974,175.0959,7
2025-10-01 00:00:00,PLT_CAN,PLT_CAN_L01,ParadaPlanificadaUtilidades,1,4.326,50.398,203.825,478003.95315999974,172.86649999999997,8
2025-10-01 00:00:00,PLT_CAN,PLT_CAN_L01,DesalineacionRodillos,1,2.944,26.626,130.989,478003.95315999974,111.4897,9
2025-10-01 00:00:00,PLT_CAN,PLT_CAN_L01,CambioFormatoPlanificado,1,1.66,13.873,175.79,478003.95315999974,92.8735,10
2025-10-01 00:00:00,PLT_CAN,PLT_CAN_L03,MantenimientoPreventivoProgramado,1,1.905,16.379,142.298,411555.4512800007,88.97890000000001,11
2024-01-01 00:00:00,PLT_BIZ,PLT_BIZ_L02,InspeccionSeguridadReglamentaria,1,9.521,52.205,1150.504,465586.64679999964,561.6737,1
2024-01-01 00:00:00,PLT_BIZ,PLT_BIZ_L03,BloqueoManipulador,3,3.6990000000000003,32.694,1487.135,489120.8980999997,536.4675,2
2024-01-01 00:00:00,PLT_BIZ,PLT_BIZ_L03,FalloVision,2,5.316000000000001,37.364000000000004,1360.052,489120.8980999997,533.0176,3
2024-01-01 00:00:00,PLT_BIZ,PLT_BIZ_L03,MantenimientoPreventivoProgramado,1,10.478,87.692,899.931,489120.8980999997,523.3853,4
2024-01-01 00:00:00,PLT_BIZ,PLT_BIZ_L02,CurvaTermicaFueraBanda,1,3.746,23.675,712.498,465586.64679999964,300.50690000000003,5
2024-01-01 00:00:00,PLT_BIZ,PLT_BIZ_L02,TermoparDescalibrado,2,3.7609999999999997,20.784,632.062,465586.64679999964,275.2306,6
2024-01-01 00:00:00,PLT_BIZ,PLT_BIZ_L03,VariacionEspesor,1,1.168,9.223,620.942,489120.8980999997,214.2541,7
2024-01-01 00:00:00,PLT_BIZ,PLT_BIZ_L04,ErrorInspeccion,2,3.306,36.416,315.56600000000003,529885.1639399999,178.9978,8
2024-01-01 00:00:00,PLT_BIZ,PLT_BIZ_L04,FalloTransportador,1,4.739,48.954,193.661,529885.1639399999,177.3553,9
2024-01-01 00:00:00,PLT_BIZ,PLT_BIZ_L01,InestabilidadTorque,3,2.265,18.958,239.489,529400.69022,126.6257,10
2024-01-01 00:00:00,PLT_BIZ,PLT_BIZ_L04,MantenimientoPreventivoProgramado,1,2.682,29.486,189.231,529885.1639399999,125.1523,11
2024-01-01 00:00:00,PLT_BIZ,PLT_BIZ_L01,InspeccionSeguridadReglamentaria,1,2.334,16.792,190.717,529400.69022,112.2911,12
2024-01-01 00:00:00,PLT_BIZ,PLT_BIZ_L02,FalloQuemador,1,0.351,2.431,120.327,465586.64679999964,44.33359999999999,13
2024-02-01 00:00:00,PLT_BIZ,PLT_BIZ_L04,NoConformidadLote,1,2.519,29.557,1864.028,501584.24347000034,624.3669,1
2024-02-01 00:00:00,PLT_BIZ,PLT_BIZ_L03,ParadaPlanificadaUtilidades,2,11.349,97.16900000000001,1095.106,462992.4846100005,604.0962999999999,2
2024-02-01 00:00:00,PLT_BIZ,PLT_BIZ_L02,InspeccionSeguridadReglamentaria,1,3.112,15.5,1223.12,440894.4488900008,436.926,3
2024-02-01 00:00:00,PLT_BIZ,PLT_BIZ_L01,DesalineacionRodillos,1,1.342,13.018,773.613,499789.0804699994,265.4329,4
2024-02-01 00:00:00,PLT_BIZ,PLT_BIZ_L02,TermoparDescalibrado,2,2.492,13.266,311.474,440894.4488900008,149.9152,5
2024-02-01 00:00:00,PLT_BIZ,PLT_BIZ_L03,DefectoSuperficial,1,1.323,9.323,329.587,462992.4846100005,129.9976,6
2024-02-01 00:00:00,PLT_BIZ,PLT_BIZ_L02,FalloQuemador,1,1.781,8.614,263.223,440894.4488900008,118.8939,7
2024-02-01 00:00:00,PLT_BIZ,PLT_BIZ_L04,FalloTransportador,1,2.141,23.275,201.179,501584.24347000034,114.81119999999999,8
2024-02-01 00:00:00,PLT_BIZ,PLT_BIZ_L02,CurvaTermicaFueraBanda,1,0.545,3.548,115.931,440894.4488900008,47.4533,9
2024-06-01 00:00:00,PLT_ALA,PLT_ALA_L02,MantenimientoPreventivoProgramado,1,5.526,44.879,3100.183,424876.2960799996,1063.0144,1
2024-06-01 00:00:00,PLT_ALA,PLT_ALA_L03,VariacionEspesor,2,6.2509999999999994,53.753,1610.3809999999999,423617.02899000037,635.0108,2
2024-06-01 00:00:00,PLT_ALA,PLT_ALA_L04,InspeccionSeguridadReglamentaria,1,3.388,25.996,1510.293,446162.67267,533.8458999999999,3
2024-06-01 00:00:00,PLT_ALA,PLT_ALA_L03,ParadaPlanificadaUtilidades,1,2.281,22.304,1499.376,423617.02899000037,506.5848,4
2024-06-01 00:00:00,PLT_ALA,PLT_ALA_L01,FalloHidraulico,2,2.238,19.9,1366.647,497692.0506999998,464.7040999999999,5
2024-06-01 00:00:00,PLT_ALA,PLT_ALA_L02,CaidaGasIndustrial,3,4.994,37.618,1080.39,424876.2960799996,442.80600000000004,6
2024-06-01 00:00:00,PLT_ALA,PLT_ALA_L03,FalloVision,3,8.019,74.611,759.881,423617.02899000037,425.6498,7
2024-06-01 00:00:00,PLT_ALA,PLT_ALA_L02,FalloQuemador,1,2.757,20.954,742.267,424876.2960799996,288.2971,8
2024-06-01 00:00:00,PLT_ALA,PLT_ALA_L04,AnomaliaInstrumentacion,1,4.044,32.28,537.225,446162.67267,258.1875,9
2024-06-01 00:00:00,PLT_ALA,PLT_ALA_L01,MantenimientoPreventivoProgramado,1,1.707,17.048,564.793,497692.0506999998,212.1019,10
2024-06-01 00:00:00,PLT_ALA,PLT_ALA_L03,CambioFormatoPlanificado,1,3.773,34.987,290.218,423617.02899000037,180.0189,11
2024-06-01 00:00:00,PLT_ALA,PLT_ALA_L02,TermoparDescalibrado,1,2.525,18.136,272.953,424876.2960799996,141.45389999999998,12
2024-06-01 00:00:00,PLT_ALA,PLT_ALA_L03,DefectoSuperficial,1,0.373,2.568,23.482,423617.02899000037,15.788599999999999,13
2024-08-01 00:00:00,PLT_BIZ,PLT_BIZ_L02,ParadaPlanificadaUtilidades,2,13.483,87.614,3018.251,386271.80945999984,1218.9423000000002,1
2024-08-01 00:00:00,PLT_BIZ,PLT_BIZ_L03,CambioFormatoPlanificado,1,6.93,67.121,1901.961,404671.22184,742.7488000000001,2
2024-08-01 00:00:00,PLT_BIZ,PLT_BIZ_L03,FalloVision,1,2.792,25.116,1076.452,404671.22184,391.33359999999993,3
2024-08-01 00:00:00,PLT_BIZ,PLT_BIZ_L01,MantenimientoPreventivoProgramado,1,3.239,28.737,775.928,439975.9571000001,311.9269,4
2024-08-01 00:00:00,PLT_BIZ,PLT_BIZ_L03,ParadaPlanificadaUtilidades,1,3.059,21.445,758.659,404671.22184,299.5002,5
2024-08-01 00:00:00,PLT_BIZ,PLT_BIZ_L03,VariacionEspesor,2,2.784,21.866,734.534,404671.22184,286.97319999999996,6
2024-08-01 00:00:00,PLT_BIZ,PLT_BIZ_L03,InspeccionSeguridadReglamentaria,1,2.12,17.783,785.072,404671.22184,286.81309999999996,7
2024-08-01 00:00:00,PLT_BIZ,PLT_BIZ_L01,InestabilidadTorque,1,3.046,29.458,668.772,439975.9571000001,276.28060000000005,8
2024-08-01 00:00:00,PLT_BIZ,PLT_BIZ_L03,BloqueoManipulador,1,1.323,10.543,563.098,404671.22184,200.6609,9
2024-08-01 00:00:00,PLT_BIZ,PLT_BIZ_L04,MantenimientoPreventivoProgramado,1,2.731,31.967,411.064,444778.99943000055,193.9227,10
2024-08-01 00:00:00,PLT_BIZ,PLT_BIZ_L01,DesalineacionRodillos,2,3.367,26.321,326.549,439975.9571000001,178.46519999999998,11
2024-08-01 00:00:00,PLT_BIZ,PLT_BIZ_L01,ParadaPlanificadaUtilidades,2,3.838,26.805999999999997,270.214,439975.9571000001,171.22719999999998,12
2024-08-01 00:00:00,PLT_BIZ,PLT_BIZ_L04,AnomaliaInstrumentacion,1,4.012,45.04,193.45,444778.99943000055,160.795,13
2024-08-01 00:00:00,PLT_BIZ,PLT_BIZ_L03,DefectoSuperficial,1,0.663,4.693,261.9,404671.22184,94.1765,14
2024-08-01 00:00:00,PLT_BIZ,PLT_BIZ_L04,FalloTransportador,1,0.366,4.061,250.13,444778.99943000055,84.3895,15
2024-11-01 00:00:00,PLT_ALA,PLT_ALA_L01,InestabilidadTorque,2,6.623,63.706999999999994,4315.46,478541.63440000004,1458.9515,1
2024-11-01 00:00:00,PLT_ALA,PLT_ALA_L03,VariacionEspesor,3,7.697,65.44,1816.846,410592.5792699999,731.7138,2
2024-11-01 00:00:00,PLT_ALA,PLT_ALA_L02,ParadaPlanificadaUtilidades,1,8.149,74.478,1435.8,408450.35557000013,630.959,3
2024-11-01 00:00:00,PLT_ALA,PLT_ALA_L01,InspeccionSeguridadReglamentaria,1,4.462,41.588,1339.956,478541.63440000004,512.0207999999999,4
2024-11-01 00:00:00,PLT_ALA,PLT_ALA_L04,AnomaliaInstrumentacion,2,2.339,25.636000000000003,704.91,431287.68672999984,271.071,5
2024-11-01 00:00:00,PLT_ALA,PLT_ALA_L03,FalloVision,1,4.811,36.659,157.91,410592.5792699999,161.9225,6
2024-11-01 00:00:00,PLT_ALA,PLT_ALA_L02,CurvaTermicaFueraBanda,1,3.514,25.65,209.544,408450.35557000013,145.9682,7
2024-11-01 00:00:00,PLT_ALA,PLT_ALA_L04,ErrorInspeccion,1,1.97,15.321,285.06,431287.68672999984,132.5785,8
2024-11-01 00:00:00,PLT_ALA,PLT_ALA_L02,CaidaGasIndustrial,1,0.773,6.906,314.521,408450.35557000013,113.26930000000002,9
2024-11-01 00:00:00,PLT_ALA,PLT_ALA_L03,DefectoSuperficial,1,0.825,6.774,78.456,410592.5792699999,43.4238,10
2024-12-01 00:00:00,PLT_ALA,PLT_ALA_L04,MantenimientoPreventivoProgramado,1,7.088,61.524,2678.579,491460.1726399996,976.0957000000001,1
2024-12-01 00:00:00,PLT_ALA,PLT_ALA_L04,ParadaPlanificadaUtilidades,2,5.132,47.347,2369.2419999999997,491460.1726399996,837.0860999999999,2
2024-12-01 00:00:00,PLT_ALA,PLT_ALA_L01,DesalineacionRodillos,1,3.454,27.825,442.217,548781.3624300004,215.6576,3
2024-12-01 00:00:00,PLT_ALA,PLT_ALA_L01,AtascoMaterial,2,1.537,14.293,542.696,548781.3624300004,200.6953,4
2024-12-01 00:00:00,PLT_ALA,PLT_ALA_L03,ParadaPlanificadaUtilidades,1,3.499,31.752,375.583,472570.4742999994,198.53090000000003,5
2024-12-01 00:00:00,PLT_ALA,PLT_ALA_L01,InspeccionSeguridadReglamentaria,1,3.071,29.724,351.236,548781.3624300004,181.65279999999998,6
2024-12-01 00:00:00,PLT_ALA,PLT_ALA_L04,CambioFormatoPlanificado,1,2.533,27.526,388.478,491460.1726399996,180.9664,7
2024-12-01 00:00:00,PLT_ALA,PLT_ALA_L03,DefectoSuperficial,1,3.313,26.161,194.764,472570.4742999994,137.7697,8
2024-12-01 00:00:00,PLT_ALA,PLT_ALA_L04,AnomaliaInstrumentacion,1,1.514,15.246,292.022,491460.1726399996,125.5096,9
2024-12-01 00:00:00,PLT_ALA,PLT_ALA_L02,FalloQuemador,1,0.903,6.024,84.578,475398.93105999945,46.44540000000001,10
2024-12-01 00:00:00,PLT_ALA,PLT_ALA_L03,VariacionEspesor,1,0.82,7.279,53.926,472570.4742999994,36.21730000000001,11
2025-10-01 00:00:00,PLT_BIZ,PLT_BIZ_L04,AnomaliaInstrumentacion,1,7.19,91.374,4122.583,466992.6263300003,1426.2618999999997,1
2025-10-01 00:00:00,PLT_BIZ,PLT_BIZ_L01,InestabilidadTorque,4,17.497,138.486,1038.439,459785.20142999914,730.7147,2
2025-10-01 00:00:00,PLT_BIZ,PLT_BIZ_L02,CaidaGasIndustrial,1,4.836,30.432,1698.743,410615.2211200007,621.5589,3
2025-10-01 00:00:00,PLT_BIZ,PLT_BIZ_L02,ParadaPlanificadaUtilidades,2,7.967,46.0,1278.768,410615.2211200007,565.9704,4
2025-10-01 00:00:00,PLT_BIZ,PLT_BIZ_L03,FalloVision,1,5.171,49.586,1026.571,430856.07978,436.1843,5
2025-10-01 00:00:00,PLT_BIZ,PLT_BIZ_L02,FalloQuemador,2,4.878,29.267,573.1769999999999,410615.2211200007,284.1466,6
2025-10-01 00:00:00,PLT_BIZ,PLT_BIZ_L03,DefectoSuperficial,2,4.115,35.663,518.082,430856.07978,255.55610000000001,7
2025-10-01 00:00:00,PLT_BIZ,PLT_BIZ_L04,NoConformidadLote,2,4.024,42.884,424.283,466992.6263300003,229.20690000000002,8
2025-10-01 00:00:00,PLT_BIZ,PLT_BIZ_L03,ParadaPlanificadaUtilidades,1,2.56,20.245,535.795,430856.07978,222.06099999999998,9
2025-10-01 00:00:00,PLT_BIZ,PLT_BIZ_L04,ErrorInspeccion,1,4.696,56.561,263.342,466992.6263300003,201.2031,10
2025-10-01 00:00:00,PLT_BIZ,PLT_BIZ_L01,ParadaPlanificadaUtilidades,1,4.283,31.822,268.685,459785.20142999914,182.1765,11
2025-10-01 00:00:00,PLT_BIZ,PLT_BIZ_L02,TermoparDescalibrado,1,1.73,10.741,169.996,410615.2211200007,90.9693,12
2025-10-01 00:00:00,PLT_BIZ,PLT_BIZ_L03,MantenimientoPreventivoProgramado,1,1.501,11.5,138.272,430856.07978,77.2516,13
2025-10-01 00:00:00,PLT_BIZ,PLT_BIZ_L03,BloqueoManipulador,1,0.549,5.061,138.406,430856.07978,55.032300000000006,14
